TITLE = "MESH AND SOLUTIONS"
VARIABLES = "X", "Y", "PRESSURE", "U", "V",  "N", "M", "PROC"
ZONE T= "IEL     1",  I=11,  J=11,  SOLUTIONTIME=   1.84020,  DATAPACKING = POINT
   0.00000     0.00000     0.16027    -0.16026    -0.16026       8     8     0
   0.00796     0.00000     0.16243    -0.16129    -0.16242       8     8     0
   0.04099     0.00000     0.16949    -0.16340    -0.16948       8     8     0
   0.09666     0.00000     0.17635    -0.16018    -0.17635       8     8     0
   0.16894     0.00000     0.18247    -0.14653    -0.18249       8     8     0
   0.25000     0.00000     0.19312    -0.12235    -0.19316       8     8     0
   0.33106     0.00000     0.21068    -0.09028    -0.21076       8     8     0
   0.40334     0.00000     0.23057    -0.05565    -0.23058       8     8     0
   0.45901     0.00000     0.24412    -0.02689    -0.24402       8     8     0
   0.49204     0.00000     0.24879    -0.01018    -0.24865       8     8     0
   0.50000     0.00000     0.24935    -0.00629    -0.24919       8     8     0
   0.00000     0.00796     0.16243    -0.16242    -0.16129       8     8     0
   0.00796     0.00796     0.16420    -0.16327    -0.16327       8     8     0
   0.04099     0.00796     0.16977    -0.16474    -0.16965       8     8     0
   0.09666     0.00796     0.17459    -0.16087    -0.17557       8     8     0
   0.16894     0.00796     0.17892    -0.14725    -0.18089       8     8     0
   0.25000     0.00796     0.18837    -0.12372    -0.19114       8     8     0
   0.33106     0.00796     0.20574    -0.09238    -0.20927       8     8     0
   0.40334     0.00796     0.22702    -0.05798    -0.23105       8     8     0
   0.45901     0.00796     0.24314    -0.02865    -0.24722       8     8     0
   0.49204     0.00796     0.25008    -0.01117    -0.25396       8     8     0
   0.50000     0.00796     0.25127    -0.00707    -0.25507       8     8     0
   0.00000     0.04099     0.16949    -0.16948    -0.16340       8     8     0
   0.00796     0.04099     0.16977    -0.16965    -0.16474       8     8     0
   0.04099     0.04099     0.16942    -0.16863    -0.16863       8     8     0
   0.09666     0.04099     0.16611    -0.16248    -0.17109       8     8     0
   0.16894     0.04099     0.16281    -0.14938    -0.17279       8     8     0
   0.25000     0.04099     0.16590    -0.12909    -0.17991       8     8     0
   0.33106     0.04099     0.17981    -0.10197    -0.19760       8     8     0
   0.40334     0.04099     0.20347    -0.07041    -0.22384       8     8     0
   0.45901     0.04099     0.22761    -0.04034    -0.24839       8     8     0
   0.49204     0.04099     0.24292    -0.02056    -0.26276       8     8     0
   0.50000     0.04099     0.24661    -0.01572    -0.26603       8     8     0
   0.00000     0.09666     0.17635    -0.17635    -0.16018       8     8     0
   0.00796     0.09666     0.17459    -0.17557    -0.16087       8     8     0
   0.04099     0.09666     0.16611    -0.17109    -0.16248       8     8     0
   0.09666     0.09666     0.15122    -0.16173    -0.16173       8     8     0
   0.16894     0.09666     0.13638    -0.14946    -0.15868       8     8     0
   0.25000     0.09666     0.12807    -0.13472    -0.15897       8     8     0
   0.33106     0.09666     0.13042    -0.11632    -0.16876       8     8     0
   0.40334     0.09666     0.14618    -0.09393    -0.18966       8     8     0
   0.45901     0.09666     0.17069    -0.06957    -0.21567       8     8     0
   0.49204     0.09666     0.19126    -0.05121    -0.23520       8     8     0
   0.50000     0.09666     0.19694    -0.04638    -0.24028       8     8     0
   0.00000     0.16894     0.18247    -0.18249    -0.14653       8     8     0
   0.00796     0.16894     0.17892    -0.18089    -0.14725       8     8     0
   0.04099     0.16894     0.16281    -0.17279    -0.14938       8     8     0
   0.09666     0.16894     0.13638    -0.15868    -0.14946       8     8     0
   0.16894     0.16894     0.11105    -0.14522    -0.14522       8     8     0
   0.25000     0.16894     0.09303    -0.13435    -0.13986       8     8     0
   0.33106     0.16894     0.08185    -0.12390    -0.13809       8     8     0
   0.40334     0.16894     0.08074    -0.11373    -0.14368       8     8     0
   0.45901     0.16894     0.08954    -0.10233    -0.15654       8     8     0
   0.49204     0.16894     0.10072    -0.09246    -0.16908       8     8     0
   0.50000     0.16894     0.10436    -0.08970    -0.17271       8     8     0
   0.00000     0.25000     0.19312    -0.19316    -0.12235       8     8     0
   0.00796     0.25000     0.18837    -0.19114    -0.12372       8     8     0
   0.04099     0.25000     0.16590    -0.17991    -0.12909       8     8     0
   0.09666     0.25000     0.12807    -0.15897    -0.13472       8     8     0
   0.16894     0.25000     0.09303    -0.13986    -0.13435       8     8     0
   0.25000     0.25000     0.06962    -0.12827    -0.12827       8     8     0
   0.33106     0.25000     0.05269    -0.12088    -0.12187       8     8     0
   0.40334     0.25000     0.04131    -0.11731    -0.11788       8     8     0
   0.45901     0.25000     0.03462    -0.11496    -0.11728       8     8     0
   0.49204     0.25000     0.03263    -0.11340    -0.11901       8     8     0
   0.50000     0.25000     0.03280    -0.11322    -0.11976       8     8     0
   0.00000     0.33106     0.21068    -0.21076    -0.09028       8     8     0
   0.00796     0.33106     0.20574    -0.20927    -0.09238       8     8     0
   0.04099     0.33106     0.17981    -0.19760    -0.10197       8     8     0
   0.09666     0.33106     0.13042    -0.16876    -0.11632       8     8     0
   0.16894     0.33106     0.08185    -0.13809    -0.12390       8     8     0
   0.25000     0.33106     0.05269    -0.12187    -0.12088       8     8     0
   0.33106     0.33106     0.03377    -0.11462    -0.11462       8     8     0
   0.40334     0.33106     0.01918    -0.11180    -0.10845       8     8     0
   0.45901     0.33106     0.00903    -0.11219    -0.10435       8     8     0
   0.49204     0.33106     0.00334    -0.11358    -0.10262       8     8     0
   0.50000     0.33106     0.00215    -0.11420    -0.10216       8     8     0
   0.00000     0.40334     0.23057    -0.23058    -0.05565       8     8     0
   0.00796     0.40334     0.22702    -0.23105    -0.05798       8     8     0
   0.04099     0.40334     0.20347    -0.22384    -0.07041       8     8     0
   0.09666     0.40334     0.14618    -0.18966    -0.09393       8     8     0
   0.16894     0.40334     0.08074    -0.14368    -0.11373       8     8     0
   0.25000     0.40334     0.04131    -0.11788    -0.11731       8     8     0
   0.33106     0.40334     0.01918    -0.10845    -0.11180       8     8     0
   0.40334     0.40334     0.00394    -0.10575    -0.10575       8     8     0
   0.45901     0.40334    -0.00578    -0.10738    -0.10142       8     8     0
   0.49204     0.40334    -0.01253    -0.10875    -0.09872       8     8     0
   0.50000     0.40334    -0.01437    -0.10903    -0.09793       8     8     0
   0.00000     0.45901     0.24412    -0.24402    -0.02689       8     8     0
   0.00796     0.45901     0.24314    -0.24722    -0.02865       8     8     0
   0.04099     0.45901     0.22761    -0.24839    -0.04034       8     8     0
   0.09666     0.45901     0.17069    -0.21567    -0.06957       8     8     0
   0.16894     0.45901     0.08954    -0.15654    -0.10233       8     8     0
   0.25000     0.45901     0.03462    -0.11728    -0.11496       8     8     0
   0.33106     0.45901     0.00903    -0.10435    -0.11219       8     8     0
   0.40334     0.45901    -0.00578    -0.10142    -0.10738       8     8     0
   0.45901     0.45901    -0.01585    -0.10248    -0.10248       8     8     0
   0.49204     0.45901    -0.02273    -0.10355    -0.09958       8     8     0
   0.50000     0.45901    -0.02460    -0.10371    -0.09912       8     8     0
   0.00000     0.49204     0.24879    -0.24865    -0.01018       8     8     0
   0.00796     0.49204     0.25008    -0.25396    -0.01117       8     8     0
   0.04099     0.49204     0.24292    -0.26276    -0.02056       8     8     0
   0.09666     0.49204     0.19126    -0.23520    -0.05121       8     8     0
   0.16894     0.49204     0.10072    -0.16908    -0.09246       8     8     0
   0.25000     0.49204     0.03263    -0.11901    -0.11340       8     8     0
   0.33106     0.49204     0.00334    -0.10262    -0.11358       8     8     0
   0.40334     0.49204    -0.01253    -0.09872    -0.10875       8     8     0
   0.45901     0.49204    -0.02273    -0.09958    -0.10355       8     8     0
   0.49204     0.49204    -0.02812    -0.10151    -0.10151       8     8     0
   0.50000     0.49204    -0.02958    -0.10186    -0.10157       8     8     0
   0.00000     0.50000     0.24935    -0.24919    -0.00629       8     8     0
   0.00796     0.50000     0.25127    -0.25507    -0.00707       8     8     0
   0.04099     0.50000     0.24661    -0.26603    -0.01572       8     8     0
   0.09666     0.50000     0.19694    -0.24028    -0.04638       8     8     0
   0.16894     0.50000     0.10436    -0.17271    -0.08970       8     8     0
   0.25000     0.50000     0.03280    -0.11976    -0.11322       8     8     0
   0.33106     0.50000     0.00215    -0.10216    -0.11420       8     8     0
   0.40334     0.50000    -0.01437    -0.09793    -0.10903       8     8     0
   0.45901     0.50000    -0.02460    -0.09912    -0.10371       8     8     0
   0.49204     0.50000    -0.02958    -0.10157    -0.10186       8     8     0
   0.50000     0.50000    -0.03096    -0.10201    -0.10201       8     8     0
ZONE T= "IEL     2",  I=11,  J=11,  SOLUTIONTIME=   1.84020,  DATAPACKING = POINT
   0.00000     0.50000     0.24929    -0.24913    -0.00636       8     8     0
   0.00796     0.50000     0.25116    -0.25495    -0.00717       8     8     0
   0.04099     0.50000     0.24625    -0.26571    -0.01596       8     8     0
   0.09666     0.50000     0.19677    -0.24015    -0.04635       8     8     0
   0.16894     0.50000     0.10495    -0.17332    -0.08884       8     8     0
   0.25000     0.50000     0.03244    -0.11994    -0.11301       8     8     0
   0.33106     0.50000     0.00061    -0.10132    -0.11538       8     8     0
   0.40334     0.50000    -0.01436    -0.09766    -0.10944       8     8     0
   0.45901     0.50000    -0.02305    -0.09939    -0.10308       8     8     0
   0.49204     0.50000    -0.02755    -0.10190    -0.10114       8     8     0
   0.50000     0.50000    -0.02876    -0.10242    -0.10128       8     8     0
   0.00000     0.50796     0.24967    -0.24949    -0.00254       8     8     0
   0.00796     0.50796     0.25223    -0.25590    -0.00305       8     8     0
   0.04099     0.50796     0.25010    -0.26901    -0.01076       8     8     0
   0.09666     0.50796     0.20260    -0.24541    -0.04119       8     8     0
   0.16894     0.50796     0.10814    -0.17681    -0.08642       8     8     0
   0.25000     0.50796     0.03264    -0.12083    -0.11232       8     8     0
   0.33106     0.50796     0.00045    -0.10184    -0.11459       8     8     0
   0.40334     0.50796    -0.01590    -0.09729    -0.11001       8     8     0
   0.45901     0.50796    -0.02539    -0.09844    -0.10500       8     8     0
   0.49204     0.50796    -0.02947    -0.10114    -0.10361       8     8     0
   0.50000     0.50796    -0.03061    -0.10165    -0.10398       8     8     0
   0.00000     0.54099     0.24758    -0.24739     0.01162       8     8     0
   0.00796     0.54099     0.25311    -0.25618     0.01242       8     8     0
   0.04099     0.54099     0.26350    -0.27952     0.00969       8     8     0
   0.09666     0.54099     0.22895    -0.26782    -0.01772       8     8     0
   0.16894     0.54099     0.12831    -0.19657    -0.07097       8     8     0
   0.25000     0.54099     0.03512    -0.12693    -0.10970       8     8     0
   0.33106     0.54099    -0.00512    -0.10093    -0.11640       8     8     0
   0.40334     0.54099    -0.02330    -0.09456    -0.11184       8     8     0
   0.45901     0.54099    -0.03069    -0.09685    -0.10908       8     8     0
   0.49204     0.54099    -0.03041    -0.10231    -0.11090       8     8     0
   0.50000     0.54099    -0.03034    -0.10353    -0.11237       8     8     0
   0.00000     0.59666     0.23011    -0.22994     0.02802       8     8     0
   0.00796     0.59666     0.24088    -0.24244     0.03161       8     8     0
   0.04099     0.59666     0.27559    -0.28426     0.04095       8     8     0
   0.09666     0.59666     0.27613    -0.30353     0.02783       8     8     0
   0.16894     0.59666     0.18043    -0.24287    -0.03256       8     8     0
   0.25000     0.59666     0.05208    -0.14874    -0.09799       8     8     0
   0.33106     0.59666    -0.01483    -0.10110    -0.12077       8     8     0
   0.40334     0.59666    -0.03324    -0.09267    -0.12253       8     8     0
   0.45901     0.59666    -0.02877    -0.10216    -0.12782       8     8     0
   0.49204     0.59666    -0.01448    -0.11711    -0.13802       8     8     0
   0.50000     0.59666    -0.00987    -0.12148    -0.14232       8     8     0
   0.00000     0.66894     0.17922    -0.17958     0.03139       8     8     0
   0.00796     0.66894     0.19484    -0.19420     0.03842       8     8     0
   0.04099     0.66894     0.25671    -0.25427     0.06551       8     8     0
   0.09666     0.66894     0.32256    -0.32843     0.08679       8     8     0
   0.16894     0.66894     0.27752    -0.31972     0.04275       8     8     0
   0.25000     0.66894     0.11411    -0.20907    -0.05717       8     8     0
   0.33106     0.66894    -0.00799    -0.11961    -0.12479       8     8     0
   0.40334     0.66894    -0.03000    -0.10566    -0.15233       8     8     0
   0.45901     0.66894     0.00835    -0.13738    -0.18660       8     8     0
   0.49204     0.66894     0.06597    -0.18268    -0.22627       8     8     0
   0.50000     0.66894     0.08542    -0.19799    -0.23911       8     8     0
   0.00000     0.75000     0.10376    -0.10419     0.01667       8     8     0
   0.00796     0.75000     0.11808    -0.11624     0.02429       8     8     0
   0.04099     0.75000     0.18457    -0.17563     0.05879       8     8     0
   0.09666     0.75000     0.30769    -0.29294     0.11933       8     8     0
   0.16894     0.75000     0.38282    -0.38695     0.14278       8     8     0
   0.25000     0.75000     0.26730    -0.33257     0.04663       8     8     0
   0.33106     0.75000     0.08094    -0.20584    -0.10761       8     8     0
   0.40334     0.75000     0.05407    -0.18635    -0.23570       8     8     0
   0.45901     0.75000     0.18109    -0.27795    -0.35956       8     8     0
   0.49204     0.75000     0.31465    -0.37585    -0.45524       8     8     0
   0.50000     0.75000     0.35305    -0.40459    -0.47912       8     8     0
   0.00000     0.83106     0.04412    -0.04344     0.00060       8     8     0
   0.00796     0.83106     0.05176    -0.05056     0.00528       8     8     0
   0.04099     0.83106     0.09542    -0.08934     0.03050       8     8     0
   0.09666     0.83106     0.21067    -0.19316     0.09652       8     8     0
   0.16894     0.83106     0.39372    -0.36585     0.19031       8     8     0
   0.25000     0.83106     0.47233    -0.47029     0.18027       8     8     0
   0.33106     0.83106     0.38318    -0.43945    -0.04197       8     8     0
   0.40334     0.83106     0.38127    -0.45144    -0.36511       8     8     0
   0.45901     0.83106     0.51890    -0.55739    -0.61373       8     8     0
   0.49204     0.83106     0.62306    -0.63782    -0.72929       8     8     0
   0.50000     0.83106     0.64557    -0.65535    -0.75068       8     8     0
   0.00000     0.90334     0.01524    -0.01470    -0.00435       8     8     0
   0.00796     0.90334     0.01824    -0.01818    -0.00251       8     8     0
   0.04099     0.90334     0.03851    -0.03784     0.01065       8     8     0
   0.09666     0.90334     0.11011    -0.10238     0.05096       8     8     0
   0.16894     0.90334     0.30573    -0.27239     0.14662       8     8     0
   0.25000     0.90334     0.60555    -0.53648     0.20976       8     8     0
   0.33106     0.90334     0.83254    -0.75640     0.01411       8     8     0
   0.40334     0.90334     0.88998    -0.84484    -0.37277       8     8     0
   0.45901     0.90334     0.82363    -0.83179    -0.62793       8     8     0
   0.49204     0.90334     0.72785    -0.78351    -0.69892       8     8     0
   0.50000     0.90334     0.69718    -0.76606    -0.70709       8     8     0
   0.00000     0.95901     0.00470    -0.00530    -0.00260       8     8     0
   0.00796     0.95901     0.00659    -0.00713    -0.00202       8     8     0
   0.04099     0.95901     0.01722    -0.01905     0.00333       8     8     0
   0.09666     0.95901     0.06256    -0.06199     0.01931       8     8     0
   0.16894     0.95901     0.23155    -0.20377     0.06847       8     8     0
   0.25000     0.95901     0.65043    -0.54724     0.11608       8     8     0
   0.33106     0.95901     1.12913    -0.95797     0.01691       8     8     0
   0.40334     0.95901     1.22159    -1.09854    -0.20219       8     8     0
   0.45901     0.95901     0.95357    -0.96465    -0.33675       8     8     0
   0.49204     0.95901     0.69255    -0.81002    -0.36366       8     8     0
   0.50000     0.95901     0.62339    -0.76805    -0.36526       8     8     0
   0.00000     0.99204     0.00248    -0.00345    -0.00055       8     8     0
   0.00796     0.99204     0.00423    -0.00490    -0.00044       8     8     0
   0.04099     0.99204     0.01293    -0.01528     0.00057       8     8     0
   0.09666     0.99204     0.05220    -0.05337     0.00362       8     8     0
   0.16894     0.99204     0.21226    -0.18645     0.01358       8     8     0
   0.25000     0.99204     0.65852    -0.54762     0.02384       8     8     0
   0.33106     0.99204     1.20270    -1.00741     0.00386       8     8     0
   0.40334     0.99204     1.30405    -1.16139    -0.04144       8     8     0
   0.45901     0.99204     0.98175    -0.99491    -0.06900       8     8     0
   0.49204     0.99204     0.67751    -0.81249    -0.07405       8     8     0
   0.50000     0.99204     0.59856    -0.76433    -0.07424       8     8     0
   0.00000     1.00000     0.00242    -0.00340    -0.00003       8     8     0
   0.00796     1.00000     0.00418    -0.00484    -0.00003       8     8     0
   0.04099     1.00000     0.01277    -0.01514     0.00001       8     8     0
   0.09666     1.00000     0.05186    -0.05308    -0.00006       8     8     0
   0.16894     1.00000     0.21152    -0.18582    -0.00014       8     8     0
   0.25000     1.00000     0.65808    -0.54710     0.00074       8     8     0
   0.33106     1.00000     1.20556    -1.00919     0.00042       8     8     0
   0.40334     1.00000     1.30988    -1.16543    -0.00244       8     8     0
   0.45901     1.00000     0.98552    -0.99776    -0.00312       8     8     0
   0.49204     1.00000     0.67800    -0.81326    -0.00176       8     8     0
   0.50000     1.00000     0.59824    -0.76461    -0.00134       8     8     0
ZONE T= "IEL     3",  I=11,  J=11,  SOLUTIONTIME=   1.84020,  DATAPACKING = POINT
   0.50000     0.50000    -0.02672    -0.10167    -0.10167       8     8     0
   0.50796     0.50000    -0.02844    -0.10428    -0.10102       8     8     0
   0.54099     0.50000    -0.02816    -0.11257    -0.10334       8     8     0
   0.59666     0.50000    -0.00849    -0.14229    -0.12180       8     8     0
   0.66894     0.50000     0.08387    -0.23911    -0.19727       8     8     0
   0.75000     0.50000     0.35009    -0.48007    -0.40359       8     8     0
   0.83106     0.50000     0.64593    -0.75085    -0.65706       8     8     0
   0.90334     0.50000     0.69814    -0.70506    -0.76778       8     8     0
   0.95901     0.50000     0.62219    -0.36349    -0.76789       8     8     0
   0.99204     0.50000     0.59663    -0.07386    -0.76357       8     8     0
   1.00000     0.50000     0.59624    -0.00132    -0.76374       8     8     0
   0.50000     0.50796    -0.02844    -0.10102    -0.10428       8     8     0
   0.50796     0.50796    -0.02991    -0.10375    -0.10375       8     8     0
   0.54099     0.50796    -0.02788    -0.11320    -0.10676       8     8     0
   0.59666     0.50796    -0.00269    -0.14637    -0.12789       8     8     0
   0.66894     0.50796     0.10476    -0.25342    -0.21251       8     8     0
   0.75000     0.50796     0.38873    -0.50635    -0.43045       8     8     0
   0.83106     0.50796     0.66774    -0.77008    -0.67342       8     8     0
   0.90334     0.50796     0.66624    -0.70641    -0.74920       8     8     0
   0.95901     0.50796     0.55175    -0.36040    -0.72378       8     8     0
   0.99204     0.50796     0.51640    -0.07305    -0.71293       8     8     0
   1.00000     0.50796     0.51509    -0.00079    -0.71254       8     8     0
   0.50000     0.54099    -0.02816    -0.10334    -0.11257       8     8     0
   0.50796     0.54099    -0.02788    -0.10676    -0.11320       8     8     0
   0.54099     0.54099    -0.01612    -0.12287    -0.12287       8     8     0
   0.59666     0.54099     0.03704    -0.17442    -0.16333       8     8     0
   0.66894     0.54099     0.21162    -0.32728    -0.29443       8     8     0
   0.75000     0.54099     0.55003    -0.61548    -0.54998       8     8     0
   0.83106     0.54099     0.72920    -0.81751    -0.72614       8     8     0
   0.90334     0.54099     0.51005    -0.66908    -0.65739       8     8     0
   0.95901     0.54099     0.25590    -0.32357    -0.53943       8     8     0
   0.99204     0.54099     0.18592    -0.06471    -0.50562       8     8     0
   1.00000     0.54099     0.18107     0.00151    -0.50301       8     8     0
   0.50000     0.59666    -0.00849    -0.12180    -0.14229       8     8     0
   0.50796     0.59666    -0.00269    -0.12789    -0.14637       8     8     0
   0.54099     0.59666     0.03704    -0.16333    -0.17442       8     8     0
   0.59666     0.59666     0.16425    -0.26598    -0.26598       8     8     0
   0.66894     0.59666     0.45582    -0.49902    -0.47894       8     8     0
   0.75000     0.59666     0.77480    -0.76777    -0.72197       8     8     0
   0.83106     0.59666     0.68412    -0.76930    -0.71506       8     8     0
   0.90334     0.59666     0.18827    -0.48518    -0.46098       8     8     0
   0.95901     0.59666    -0.17916    -0.20327    -0.26715       8     8     0
   0.99204     0.59666    -0.27318    -0.03900    -0.21718       8     8     0
   1.00000     0.59666    -0.28064     0.00370    -0.21315       8     8     0
   0.50000     0.66894     0.08387    -0.19727    -0.23911       8     8     0
   0.50796     0.66894     0.10476    -0.21251    -0.25342       8     8     0
   0.54099     0.66894     0.21162    -0.29443    -0.32728       8     8     0
   0.59666     0.66894     0.45582    -0.47894    -0.49902       8     8     0
   0.66894     0.66894     0.77359    -0.72604    -0.72604       8     8     0
   0.75000     0.66894     0.81905    -0.79337    -0.77721       8     8     0
   0.83106     0.66894     0.37322    -0.51918    -0.53132       8     8     0
   0.90334     0.66894    -0.20433    -0.18633    -0.22463       8     8     0
   0.95901     0.66894    -0.51426    -0.04303    -0.06699       8     8     0
   0.99204     0.66894    -0.58660    -0.00643    -0.03070       8     8     0
   1.00000     0.66894    -0.59101     0.00185    -0.02914       8     8     0
   0.50000     0.75000     0.35009    -0.40359    -0.48007       8     8     0
   0.50796     0.75000     0.38873    -0.43045    -0.50635       8     8     0
   0.54099     0.75000     0.55003    -0.54998    -0.61548       8     8     0
   0.59666     0.75000     0.77480    -0.72197    -0.76777       8     8     0
   0.66894     0.75000     0.81905    -0.77721    -0.79337       8     8     0
   0.75000     0.75000     0.46202    -0.55945    -0.55945       8     8     0
   0.83106     0.75000    -0.10694    -0.18631    -0.23522       8     8     0
   0.90334     0.75000    -0.52459     0.04155    -0.03676       8     8     0
   0.95901     0.75000    -0.69486     0.05545     0.03441       8     8     0
   0.99204     0.75000    -0.72997     0.01243     0.04784       8     8     0
   1.00000     0.75000    -0.73180     0.00049     0.04750       8     8     0
   0.50000     0.83106     0.64593    -0.65706    -0.75085       8     8     0
   0.50796     0.83106     0.66774    -0.67342    -0.77008       8     8     0
   0.54099     0.83106     0.72920    -0.72614    -0.81751       8     8     0
   0.59666     0.83106     0.68412    -0.71506    -0.76930       8     8     0
   0.66894     0.83106     0.37322    -0.53132    -0.51918       8     8     0
   0.75000     0.83106    -0.10694    -0.23522    -0.18631       8     8     0
   0.83106     0.83106    -0.52637     0.03033     0.03033       8     8     0
   0.90334     0.83106    -0.77747     0.14220     0.11974       8     8     0
   0.95901     0.83106    -0.86743     0.09071     0.14735       8     8     0
   0.99204     0.83106    -0.88535     0.01927     0.15232       8     8     0
   1.00000     0.83106    -0.88926     0.00340     0.15333       8     8     0
   0.50000     0.90334     0.69814    -0.76778    -0.70506       8     8     0
   0.50796     0.90334     0.66624    -0.74920    -0.70641       8     8     0
   0.54099     0.90334     0.51005    -0.65739    -0.66908       8     8     0
   0.59666     0.90334     0.18827    -0.46098    -0.48518       8     8     0
   0.66894     0.90334    -0.20433    -0.22463    -0.18633       8     8     0
   0.75000     0.90334    -0.52459    -0.03676     0.04155       8     8     0
   0.83106     0.90334    -0.77747     0.11974     0.14220       8     8     0
   0.90334     0.90334    -0.94327     0.17890     0.17890       8     8     0
   0.95901     0.90334    -0.99616     0.10304     0.18796       8     8     0
   0.99204     0.90334    -1.00661     0.02180     0.19003       8     8     0
   1.00000     0.90334    -1.00997     0.00345     0.19113       8     8     0
   0.50000     0.95901     0.62219    -0.76789    -0.36349       8     8     0
   0.50796     0.95901     0.55175    -0.72378    -0.36040       8     8     0
   0.54099     0.95901     0.25590    -0.53943    -0.32357       8     8     0
   0.59666     0.95901    -0.17916    -0.26715    -0.20327       8     8     0
   0.66894     0.95901    -0.51426    -0.06699    -0.04303       8     8     0
   0.75000     0.95901    -0.69486     0.03441     0.05545       8     8     0
   0.83106     0.95901    -0.86743     0.14735     0.09071       8     8     0
   0.90334     0.95901    -0.99616     0.18796     0.10304       8     8     0
   0.95901     0.95901    -1.03414     0.10561     0.10561       8     8     0
   0.99204     0.95901    -1.04112     0.02211     0.10641       8     8     0
   1.00000     0.95901    -1.04244     0.00150     0.10683       8     8     0
   0.50000     0.99204     0.59663    -0.76357    -0.07386       8     8     0
   0.50796     0.99204     0.51640    -0.71293    -0.07305       8     8     0
   0.54099     0.99204     0.18592    -0.50562    -0.06471       8     8     0
   0.59666     0.99204    -0.27318    -0.21718    -0.03900       8     8     0
   0.66894     0.99204    -0.58660    -0.03070    -0.00643       8     8     0
   0.75000     0.99204    -0.72997     0.04784     0.01243       8     8     0
   0.83106     0.99204    -0.88535     0.15232     0.01927       8     8     0
   0.90334     0.99204    -1.00661     0.19003     0.02180       8     8     0
   0.95901     0.99204    -1.04112     0.10641     0.02211       8     8     0
   0.99204     0.99204    -1.04721     0.02222     0.02222       8     8     0
   1.00000     0.99204    -1.04793     0.00092     0.02231       8     8     0
   0.50000     1.00000     0.59624    -0.76374    -0.00132       8     8     0
   0.50796     1.00000     0.51509    -0.71254    -0.00079       8     8     0
   0.54099     1.00000     0.18107    -0.50301     0.00151       8     8     0
   0.59666     1.00000    -0.28064    -0.21315     0.00370       8     8     0
   0.66894     1.00000    -0.59101    -0.02914     0.00185       8     8     0
   0.75000     1.00000    -0.73180     0.04750     0.00049       8     8     0
   0.83106     1.00000    -0.88926     0.15333     0.00340       8     8     0
   0.90334     1.00000    -1.00997     0.19113     0.00345       8     8     0
   0.95901     1.00000    -1.04244     0.10683     0.00150       8     8     0
   0.99204     1.00000    -1.04793     0.02231     0.00092       8     8     0
   1.00000     1.00000    -1.04849     0.00080     0.00080       8     8     0
ZONE T= "IEL     4",  I=11,  J=11,  SOLUTIONTIME=   1.84020,  DATAPACKING = POINT
   0.50000     0.00000     0.24929    -0.00636    -0.24913       8     8     0
   0.50796     0.00000     0.24967    -0.00254    -0.24949       8     8     0
   0.54099     0.00000     0.24758     0.01162    -0.24739       8     8     0
   0.59666     0.00000     0.23011     0.02802    -0.22994       8     8     0
   0.66894     0.00000     0.17922     0.03139    -0.17958       8     8     0
   0.75000     0.00000     0.10376     0.01667    -0.10419       8     8     0
   0.83106     0.00000     0.04412     0.00060    -0.04344       8     8     0
   0.90334     0.00000     0.01524    -0.00435    -0.01470       8     8     0
   0.95901     0.00000     0.00470    -0.00260    -0.00530       8     8     0
   0.99204     0.00000     0.00248    -0.00055    -0.00345       8     8     0
   1.00000     0.00000     0.00242    -0.00003    -0.00340       8     8     0
   0.50000     0.00796     0.25116    -0.00717    -0.25495       8     8     0
   0.50796     0.00796     0.25223    -0.00305    -0.25590       8     8     0
   0.54099     0.00796     0.25311     0.01242    -0.25618       8     8     0
   0.59666     0.00796     0.24088     0.03161    -0.24244       8     8     0
   0.66894     0.00796     0.19484     0.03842    -0.19420       8     8     0
   0.75000     0.00796     0.11808     0.02429    -0.11624       8     8     0
   0.83106     0.00796     0.05176     0.00528    -0.05056       8     8     0
   0.90334     0.00796     0.01824    -0.00251    -0.01818       8     8     0
   0.95901     0.00796     0.00659    -0.00202    -0.00713       8     8     0
   0.99204     0.00796     0.00423    -0.00044    -0.00490       8     8     0
   1.00000     0.00796     0.00418    -0.00003    -0.00484       8     8     0
   0.50000     0.04099     0.24625    -0.01596    -0.26571       8     8     0
   0.50796     0.04099     0.25010    -0.01076    -0.26901       8     8     0
   0.54099     0.04099     0.26350     0.00969    -0.27952       8     8     0
   0.59666     0.04099     0.27559     0.04095    -0.28426       8     8     0
   0.66894     0.04099     0.25671     0.06551    -0.25427       8     8     0
   0.75000     0.04099     0.18457     0.05879    -0.17563       8     8     0
   0.83106     0.04099     0.09542     0.03050    -0.08934       8     8     0
   0.90334     0.04099     0.03851     0.01065    -0.03784       8     8     0
   0.95901     0.04099     0.01722     0.00333    -0.01905       8     8     0
   0.99204     0.04099     0.01293     0.00057    -0.01528       8     8     0
   1.00000     0.04099     0.01277     0.00001    -0.01514       8     8     0
   0.50000     0.09666     0.19677    -0.04635    -0.24015       8     8     0
   0.50796     0.09666     0.20260    -0.04119    -0.24541       8     8     0
   0.54099     0.09666     0.22895    -0.01772    -0.26782       8     8     0
   0.59666     0.09666     0.27613     0.02783    -0.30353       8     8     0
   0.66894     0.09666     0.32256     0.08679    -0.32843       8     8     0
   0.75000     0.09666     0.30769     0.11933    -0.29294       8     8     0
   0.83106     0.09666     0.21067     0.09652    -0.19316       8     8     0
   0.90334     0.09666     0.11011     0.05096    -0.10238       8     8     0
   0.95901     0.09666     0.06256     0.01931    -0.06199       8     8     0
   0.99204     0.09666     0.05220     0.00362    -0.05337       8     8     0
   1.00000     0.09666     0.05186    -0.00006    -0.05308       8     8     0
   0.50000     0.16894     0.10495    -0.08884    -0.17332       8     8     0
   0.50796     0.16894     0.10814    -0.08642    -0.17681       8     8     0
   0.54099     0.16894     0.12831    -0.07097    -0.19657       8     8     0
   0.59666     0.16894     0.18043    -0.03256    -0.24287       8     8     0
   0.66894     0.16894     0.27752     0.04275    -0.31972       8     8     0
   0.75000     0.16894     0.38282     0.14278    -0.38695       8     8     0
   0.83106     0.16894     0.39372     0.19031    -0.36585       8     8     0
   0.90334     0.16894     0.30573     0.14662    -0.27239       8     8     0
   0.95901     0.16894     0.23155     0.06847    -0.20377       8     8     0
   0.99204     0.16894     0.21226     0.01358    -0.18645       8     8     0
   1.00000     0.16894     0.21152    -0.00014    -0.18582       8     8     0
   0.50000     0.25000     0.03244    -0.11301    -0.11994       8     8     0
   0.50796     0.25000     0.03264    -0.11232    -0.12083       8     8     0
   0.54099     0.25000     0.03512    -0.10970    -0.12693       8     8     0
   0.59666     0.25000     0.05208    -0.09799    -0.14874       8     8     0
   0.66894     0.25000     0.11411    -0.05717    -0.20907       8     8     0
   0.75000     0.25000     0.26730     0.04663    -0.33257       8     8     0
   0.83106     0.25000     0.47233     0.18027    -0.47029       8     8     0
   0.90334     0.25000     0.60555     0.20976    -0.53648       8     8     0
   0.95901     0.25000     0.65043     0.11608    -0.54724       8     8     0
   0.99204     0.25000     0.65852     0.02384    -0.54762       8     8     0
   1.00000     0.25000     0.65808     0.00074    -0.54710       8     8     0
   0.50000     0.33106     0.00061    -0.11538    -0.10132       8     8     0
   0.50796     0.33106     0.00045    -0.11459    -0.10184       8     8     0
   0.54099     0.33106    -0.00512    -0.11640    -0.10093       8     8     0
   0.59666     0.33106    -0.01483    -0.12077    -0.10110       8     8     0
   0.66894     0.33106    -0.00799    -0.12479    -0.11961       8     8     0
   0.75000     0.33106     0.08094    -0.10761    -0.20584       8     8     0
   0.83106     0.33106     0.38318    -0.04197    -0.43945       8     8     0
   0.90334     0.33106     0.83254     0.01411    -0.75640       8     8     0
   0.95901     0.33106     1.12913     0.01691    -0.95797       8     8     0
   0.99204     0.33106     1.20270     0.00386    -1.00741       8     8     0
   1.00000     0.33106     1.20556     0.00042    -1.00919       8     8     0
   0.50000     0.40334    -0.01436    -0.10944    -0.09766       8     8     0
   0.50796     0.40334    -0.01590    -0.11001    -0.09729       8     8     0
   0.54099     0.40334    -0.02330    -0.11184    -0.09456       8     8     0
   0.59666     0.40334    -0.03324    -0.12253    -0.09267       8     8     0
   0.66894     0.40334    -0.03000    -0.15233    -0.10566       8     8     0
   0.75000     0.40334     0.05407    -0.23570    -0.18635       8     8     0
   0.83106     0.40334     0.38127    -0.36511    -0.45144       8     8     0
   0.90334     0.40334     0.88998    -0.37277    -0.84484       8     8     0
   0.95901     0.40334     1.22159    -0.20219    -1.09854       8     8     0
   0.99204     0.40334     1.30405    -0.04144    -1.16139       8     8     0
   1.00000     0.40334     1.30988    -0.00244    -1.16543       8     8     0
   0.50000     0.45901    -0.02305    -0.10308    -0.09939       8     8     0
   0.50796     0.45901    -0.02539    -0.10500    -0.09844       8     8     0
   0.54099     0.45901    -0.03069    -0.10908    -0.09685       8     8     0
   0.59666     0.45901    -0.02877    -0.12782    -0.10216       8     8     0
   0.66894     0.45901     0.00835    -0.18660    -0.13738       8     8     0
   0.75000     0.45901     0.18109    -0.35956    -0.27795       8     8     0
   0.83106     0.45901     0.51890    -0.61373    -0.55739       8     8     0
   0.90334     0.45901     0.82363    -0.62793    -0.83179       8     8     0
   0.95901     0.45901     0.95357    -0.33675    -0.96465       8     8     0
   0.99204     0.45901     0.98175    -0.06900    -0.99491       8     8     0
   1.00000     0.45901     0.98552    -0.00312    -0.99776       8     8     0
   0.50000     0.49204    -0.02755    -0.10114    -0.10190       8     8     0
   0.50796     0.49204    -0.02947    -0.10361    -0.10114       8     8     0
   0.54099     0.49204    -0.03041    -0.11090    -0.10231       8     8     0
   0.59666     0.49204    -0.01448    -0.13802    -0.11711       8     8     0
   0.66894     0.49204     0.06597    -0.22627    -0.18268       8     8     0
   0.75000     0.49204     0.31465    -0.45524    -0.37585       8     8     0
   0.83106     0.49204     0.62306    -0.72929    -0.63782       8     8     0
   0.90334     0.49204     0.72785    -0.69892    -0.78351       8     8     0
   0.95901     0.49204     0.69255    -0.36366    -0.81002       8     8     0
   0.99204     0.49204     0.67751    -0.07405    -0.81249       8     8     0
   1.00000     0.49204     0.67800    -0.00176    -0.81326       8     8     0
   0.50000     0.50000    -0.02876    -0.10128    -0.10242       8     8     0
   0.50796     0.50000    -0.03061    -0.10398    -0.10165       8     8     0
   0.54099     0.50000    -0.03034    -0.11237    -0.10353       8     8     0
   0.59666     0.50000    -0.00987    -0.14232    -0.12148       8     8     0
   0.66894     0.50000     0.08542    -0.23911    -0.19799       8     8     0
   0.75000     0.50000     0.35305    -0.47912    -0.40459       8     8     0
   0.83106     0.50000     0.64557    -0.75068    -0.65535       8     8     0
   0.90334     0.50000     0.69718    -0.70709    -0.76606       8     8     0
   0.95901     0.50000     0.62339    -0.36526    -0.76805       8     8     0
   0.99204     0.50000     0.59856    -0.07424    -0.76433       8     8     0
   1.00000     0.50000     0.59824    -0.00134    -0.76461       8     8     0
