TITLE = "MESH AND SOLUTIONS"
VARIABLES = "X", "Y", "PRESSURE", "U", "V",  "N", "M", "PROC"
ZONE T= "IEL     1",  I=11,  J=11,  SOLUTIONTIME=   1.44020,  DATAPACKING = POINT
   0.00000     0.00000    -0.00000     0.00000     0.00000       8     8     0
   0.00796     0.00000    -0.00000     0.00001     0.00000       8     8     0
   0.04099     0.00000    -0.00000     0.00009     0.00000       8     8     0
   0.09666     0.00000    -0.00000     0.00006    -0.00000       8     8     0
   0.16894     0.00000    -0.00000    -0.00002     0.00000       8     8     0
   0.25000     0.00000    -0.00000     0.00002     0.00001       8     8     0
   0.33106     0.00000    -0.00001    -0.00002     0.00001       8     8     0
   0.40334     0.00000    -0.00001     0.00001     0.00000       8     8     0
   0.45901     0.00000     0.00002     0.00001    -0.00002       8     8     0
   0.49204     0.00000     0.00003    -0.00000    -0.00002       8     8     0
   0.50000     0.00000     0.00003     0.00003    -0.00002       8     8     0
   0.00000     0.00796    -0.00000     0.00000     0.00001       8     8     0
   0.00796     0.00796    -0.00000    -0.00000    -0.00000       8     8     0
   0.04099     0.00796    -0.00000     0.00003    -0.00001       8     8     0
   0.09666     0.00796     0.00000     0.00002     0.00001       8     8     0
   0.16894     0.00796    -0.00000    -0.00002    -0.00000       8     8     0
   0.25000     0.00796    -0.00000     0.00002     0.00000       8     8     0
   0.33106     0.00796    -0.00001    -0.00002     0.00002       8     8     0
   0.40334     0.00796    -0.00001     0.00000     0.00000       8     8     0
   0.45901     0.00796     0.00001     0.00001    -0.00000       8     8     0
   0.49204     0.00796     0.00002     0.00000    -0.00004       8     8     0
   0.50000     0.00796     0.00002     0.00002    -0.00006       8     8     0
   0.00000     0.04099    -0.00000     0.00000     0.00009       8     8     0
   0.00796     0.04099    -0.00000    -0.00001     0.00003       8     8     0
   0.04099     0.04099     0.00000    -0.00003    -0.00003       8     8     0
   0.09666     0.04099     0.00000    -0.00002     0.00002       8     8     0
   0.16894     0.04099     0.00000    -0.00000    -0.00002       8     8     0
   0.25000     0.04099     0.00000     0.00001    -0.00000       8     8     0
   0.33106     0.04099    -0.00000    -0.00000     0.00002       8     8     0
   0.40334     0.04099    -0.00002    -0.00001    -0.00001       8     8     0
   0.45901     0.04099    -0.00001    -0.00001     0.00003       8     8     0
   0.49204     0.04099     0.00000     0.00000    -0.00003       8     8     0
   0.50000     0.04099     0.00001     0.00001    -0.00009       8     8     0
   0.00000     0.09666    -0.00000    -0.00000     0.00006       8     8     0
   0.00796     0.09666     0.00000     0.00001     0.00002       8     8     0
   0.04099     0.09666     0.00000     0.00002    -0.00002       8     8     0
   0.09666     0.09666     0.00000     0.00001     0.00001       8     8     0
   0.16894     0.09666     0.00000     0.00001    -0.00001       8     8     0
   0.25000     0.09666     0.00001    -0.00001    -0.00000       8     8     0
   0.33106     0.09666     0.00001     0.00001    -0.00000       8     8     0
   0.40334     0.09666    -0.00001    -0.00000    -0.00001       8     8     0
   0.45901     0.09666    -0.00002    -0.00001     0.00002       8     8     0
   0.49204     0.09666    -0.00002    -0.00001     0.00002       8     8     0
   0.50000     0.09666    -0.00002    -0.00001     0.00000       8     8     0
   0.00000     0.16894    -0.00000     0.00000    -0.00002       8     8     0
   0.00796     0.16894    -0.00000    -0.00000    -0.00002       8     8     0
   0.04099     0.16894     0.00000    -0.00002    -0.00000       8     8     0
   0.09666     0.16894     0.00000    -0.00001     0.00001       8     8     0
   0.16894     0.16894    -0.00000     0.00001     0.00001       8     8     0
   0.25000     0.16894    -0.00000    -0.00000     0.00000       8     8     0
   0.33106     0.16894     0.00000    -0.00000    -0.00001       8     8     0
   0.40334     0.16894     0.00001     0.00001    -0.00000       8     8     0
   0.45901     0.16894     0.00001     0.00001    -0.00001       8     8     0
   0.49204     0.16894    -0.00000    -0.00000     0.00001       8     8     0
   0.50000     0.16894    -0.00001    -0.00000     0.00003       8     8     0
   0.00000     0.25000    -0.00000     0.00001     0.00002       8     8     0
   0.00796     0.25000    -0.00000     0.00000     0.00002       8     8     0
   0.04099     0.25000     0.00000    -0.00000     0.00001       8     8     0
   0.09666     0.25000     0.00001    -0.00000    -0.00001       8     8     0
   0.16894     0.25000    -0.00000     0.00000    -0.00000       8     8     0
   0.25000     0.25000    -0.00000     0.00001     0.00001       8     8     0
   0.33106     0.25000    -0.00000    -0.00001     0.00000       8     8     0
   0.40334     0.25000    -0.00001    -0.00000     0.00000       8     8     0
   0.45901     0.25000     0.00001     0.00001    -0.00001       8     8     0
   0.49204     0.25000     0.00002     0.00001    -0.00001       8     8     0
   0.50000     0.25000     0.00002     0.00001    -0.00000       8     8     0
   0.00000     0.33106    -0.00001     0.00001    -0.00002       8     8     0
   0.00796     0.33106    -0.00001     0.00002    -0.00002       8     8     0
   0.04099     0.33106    -0.00000     0.00002    -0.00000       8     8     0
   0.09666     0.33106     0.00001    -0.00000     0.00001       8     8     0
   0.16894     0.33106     0.00000    -0.00001    -0.00000       8     8     0
   0.25000     0.33106    -0.00000     0.00000    -0.00001       8     8     0
   0.33106     0.33106     0.00000    -0.00000    -0.00000       8     8     0
   0.40334     0.33106    -0.00001    -0.00001     0.00001       8     8     0
   0.45901     0.33106    -0.00002    -0.00001     0.00001       8     8     0
   0.49204     0.33106    -0.00001    -0.00000     0.00000       8     8     0
   0.50000     0.33106    -0.00001    -0.00000     0.00000       8     8     0
   0.00000     0.40334    -0.00001     0.00000     0.00001       8     8     0
   0.00796     0.40334    -0.00001     0.00000     0.00000       8     8     0
   0.04099     0.40334    -0.00002    -0.00001    -0.00001       8     8     0
   0.09666     0.40334    -0.00001    -0.00001    -0.00000       8     8     0
   0.16894     0.40334     0.00001    -0.00000     0.00001       8     8     0
   0.25000     0.40334    -0.00001     0.00000    -0.00000       8     8     0
   0.33106     0.40334    -0.00001     0.00001    -0.00001       8     8     0
   0.40334     0.40334     0.00002     0.00000     0.00000       8     8     0
   0.45901     0.40334     0.00000    -0.00001     0.00000       8     8     0
   0.49204     0.40334    -0.00002    -0.00001     0.00001       8     8     0
   0.50000     0.40334    -0.00003    -0.00001     0.00001       8     8     0
   0.00000     0.45901     0.00002    -0.00002     0.00001       8     8     0
   0.00796     0.45901     0.00001    -0.00000     0.00001       8     8     0
   0.04099     0.45901    -0.00001     0.00003    -0.00001       8     8     0
   0.09666     0.45901    -0.00002     0.00002    -0.00001       8     8     0
   0.16894     0.45901     0.00001    -0.00001     0.00001       8     8     0
   0.25000     0.45901     0.00001    -0.00001     0.00001       8     8     0
   0.33106     0.45901    -0.00002     0.00001    -0.00001       8     8     0
   0.40334     0.45901     0.00000     0.00000    -0.00001       8     8     0
   0.45901     0.45901     0.00003    -0.00000    -0.00000       8     8     0
   0.49204     0.45901     0.00002     0.00000     0.00000       8     8     0
   0.50000     0.45901     0.00002    -0.00000     0.00000       8     8     0
   0.00000     0.49204     0.00003    -0.00002    -0.00000       8     8     0
   0.00796     0.49204     0.00002    -0.00004     0.00000       8     8     0
   0.04099     0.49204     0.00000    -0.00003     0.00000       8     8     0
   0.09666     0.49204    -0.00002     0.00002    -0.00001       8     8     0
   0.16894     0.49204    -0.00000     0.00001    -0.00000       8     8     0
   0.25000     0.49204     0.00002    -0.00001     0.00001       8     8     0
   0.33106     0.49204    -0.00001     0.00000    -0.00000       8     8     0
   0.40334     0.49204    -0.00002     0.00001    -0.00001       8     8     0
   0.45901     0.49204     0.00002     0.00000     0.00000       8     8     0
   0.49204     0.49204     0.00004    -0.00000    -0.00000       8     8     0
   0.50000     0.49204     0.00005    -0.00000    -0.00000       8     8     0
   0.00000     0.50000     0.00003    -0.00002     0.00003       8     8     0
   0.00796     0.50000     0.00002    -0.00006     0.00002       8     8     0
   0.04099     0.50000     0.00001    -0.00009     0.00001       8     8     0
   0.09666     0.50000    -0.00002     0.00000    -0.00001       8     8     0
   0.16894     0.50000    -0.00001     0.00003    -0.00000       8     8     0
   0.25000     0.50000     0.00002    -0.00000     0.00001       8     8     0
   0.33106     0.50000    -0.00001     0.00000    -0.00000       8     8     0
   0.40334     0.50000    -0.00003     0.00001    -0.00001       8     8     0
   0.45901     0.50000     0.00002     0.00000    -0.00000       8     8     0
   0.49204     0.50000     0.00005    -0.00000    -0.00000       8     8     0
   0.50000     0.50000     0.00005    -0.00000    -0.00000       8     8     0
ZONE T= "IEL     2",  I=11,  J=11,  SOLUTIONTIME=   1.44020,  DATAPACKING = POINT
   0.00000     0.50000     0.00003    -0.00002     0.00003       8     8     0
   0.00796     0.50000     0.00003    -0.00003     0.00002       8     8     0
   0.04099     0.50000     0.00002    -0.00002     0.00002       8     8     0
   0.09666     0.50000    -0.00001     0.00001    -0.00001       8     8     0
   0.16894     0.50000    -0.00002     0.00002    -0.00002       8     8     0
   0.25000     0.50000     0.00002    -0.00002     0.00002       8     8     0
   0.33106     0.50000     0.00000    -0.00001     0.00001       8     8     0
   0.40334     0.50000    -0.00004     0.00002    -0.00002       8     8     0
   0.45901     0.50000    -0.00000     0.00001    -0.00001       8     8     0
   0.49204     0.50000     0.00004    -0.00000    -0.00001       8     8     0
   0.50000     0.50000     0.00005    -0.00000    -0.00001       8     8     0
   0.00000     0.50796     0.00003    -0.00002     0.00002       8     8     0
   0.00796     0.50796     0.00003    -0.00002     0.00002       8     8     0
   0.04099     0.50796     0.00001    -0.00001     0.00001       8     8     0
   0.09666     0.50796    -0.00001     0.00001    -0.00001       8     8     0
   0.16894     0.50796    -0.00001     0.00001    -0.00001       8     8     0
   0.25000     0.50796     0.00002    -0.00001     0.00001       8     8     0
   0.33106     0.50796    -0.00000    -0.00000     0.00000       8     8     0
   0.40334     0.50796    -0.00003     0.00001    -0.00001       8     8     0
   0.45901     0.50796     0.00001     0.00000    -0.00000       8     8     0
   0.49204     0.50796     0.00004    -0.00000    -0.00000       8     8     0
   0.50000     0.50796     0.00005    -0.00000    -0.00001       8     8     0
   0.00000     0.54099     0.00002    -0.00002     0.00002       8     8     0
   0.00796     0.54099     0.00003    -0.00002     0.00002       8     8     0
   0.04099     0.54099     0.00003    -0.00002     0.00002       8     8     0
   0.09666     0.54099     0.00000     0.00000    -0.00000       8     8     0
   0.16894     0.54099    -0.00003     0.00002    -0.00002       8     8     0
   0.25000     0.54099     0.00002    -0.00001     0.00001       8     8     0
   0.33106     0.54099     0.00002    -0.00001     0.00001       8     8     0
   0.40334     0.54099    -0.00004     0.00001    -0.00001       8     8     0
   0.45901     0.54099    -0.00002     0.00001     0.00000       8     8     0
   0.49204     0.54099     0.00003    -0.00001     0.00001       8     8     0
   0.50000     0.54099     0.00004    -0.00001     0.00001       8     8     0
   0.00000     0.59666    -0.00003     0.00002    -0.00001       8     8     0
   0.00796     0.59666    -0.00001     0.00002    -0.00001       8     8     0
   0.04099     0.59666     0.00003    -0.00001     0.00002       8     8     0
   0.09666     0.59666     0.00004    -0.00003     0.00003       8     8     0
   0.16894     0.59666    -0.00002     0.00001    -0.00002       8     8     0
   0.25000     0.59666    -0.00002     0.00002    -0.00001       8     8     0
   0.33106     0.59666     0.00004    -0.00002     0.00003       8     8     0
   0.40334     0.59666     0.00001    -0.00000    -0.00000       8     8     0
   0.45901     0.59666    -0.00005     0.00002    -0.00003       8     8     0
   0.49204     0.59666    -0.00007     0.00002    -0.00001       8     8     0
   0.50000     0.59666    -0.00006     0.00002    -0.00001       8     8     0
   0.00000     0.66894    -0.00003     0.00003    -0.00002       8     8     0
   0.00796     0.66894    -0.00003     0.00003    -0.00002       8     8     0
   0.04099     0.66894    -0.00005     0.00003    -0.00003       8     8     0
   0.09666     0.66894    -0.00000    -0.00001     0.00000       8     8     0
   0.16894     0.66894     0.00005    -0.00003     0.00003       8     8     0
   0.25000     0.66894    -0.00002     0.00002    -0.00002       8     8     0
   0.33106     0.66894    -0.00004     0.00002    -0.00002       8     8     0
   0.40334     0.66894     0.00005    -0.00004     0.00003       8     8     0
   0.45901     0.66894     0.00005    -0.00002     0.00002       8     8     0
   0.49204     0.66894    -0.00000     0.00002    -0.00001       8     8     0
   0.50000     0.66894    -0.00002     0.00003    -0.00002       8     8     0
   0.00000     0.75000     0.00004    -0.00003     0.00003       8     8     0
   0.00796     0.75000     0.00003    -0.00003     0.00002       8     8     0
   0.04099     0.75000    -0.00000    -0.00001     0.00000       8     8     0
   0.09666     0.75000    -0.00004     0.00003    -0.00003       8     8     0
   0.16894     0.75000    -0.00000     0.00001    -0.00000       8     8     0
   0.25000     0.75000     0.00005    -0.00004     0.00003       8     8     0
   0.33106     0.75000    -0.00002     0.00002    -0.00002       8     8     0
   0.40334     0.75000    -0.00006     0.00003    -0.00002       8     8     0
   0.45901     0.75000     0.00003    -0.00003     0.00003       8     8     0
   0.49204     0.75000     0.00008    -0.00006     0.00003       8     8     0
   0.50000     0.75000     0.00009    -0.00005     0.00003       8     8     0
   0.00000     0.83106    -0.00001    -0.00000    -0.00000       8     8     0
   0.00796     0.83106     0.00001    -0.00000     0.00000       8     8     0
   0.04099     0.83106     0.00005    -0.00003     0.00003       8     8     0
   0.09666     0.83106     0.00003    -0.00002     0.00002       8     8     0
   0.16894     0.83106    -0.00005     0.00003    -0.00003       8     8     0
   0.25000     0.83106    -0.00001     0.00000    -0.00000       8     8     0
   0.33106     0.83106     0.00007    -0.00003     0.00004       8     8     0
   0.40334     0.83106    -0.00002     0.00002    -0.00002       8     8     0
   0.45901     0.83106    -0.00011     0.00003    -0.00005       8     8     0
   0.49204     0.83106    -0.00009     0.00001    -0.00001       8     8     0
   0.50000     0.83106    -0.00008     0.00001    -0.00000       8     8     0
   0.00000     0.90334    -0.00003     0.00003    -0.00003       8     8     0
   0.00796     0.90334    -0.00003     0.00003    -0.00003       8     8     0
   0.04099     0.90334    -0.00004     0.00003    -0.00002       8     8     0
   0.09666     0.90334     0.00001    -0.00002     0.00002       8     8     0
   0.16894     0.90334     0.00004    -0.00003     0.00002       8     8     0
   0.25000     0.90334    -0.00004     0.00004    -0.00004       8     8     0
   0.33106     0.90334    -0.00003     0.00000     0.00001       8     8     0
   0.40334     0.90334     0.00008    -0.00006     0.00004       8     8     0
   0.45901     0.90334     0.00004     0.00002    -0.00001       8     8     0
   0.49204     0.90334    -0.00003     0.00008    -0.00003       8     8     0
   0.50000     0.90334    -0.00004     0.00008    -0.00003       8     8     0
   0.00000     0.95901     0.00001    -0.00001     0.00001       8     8     0
   0.00796     0.95901    -0.00000    -0.00001     0.00000       8     8     0
   0.04099     0.95901    -0.00005     0.00002    -0.00002       8     8     0
   0.09666     0.95901    -0.00004     0.00003    -0.00003       8     8     0
   0.16894     0.95901     0.00006    -0.00003     0.00003       8     8     0
   0.25000     0.95901     0.00001    -0.00000     0.00001       8     8     0
   0.33106     0.95901    -0.00010     0.00004    -0.00006       8     8     0
   0.40334     0.95901     0.00005    -0.00002     0.00002       8     8     0
   0.45901     0.95901     0.00014    -0.00002     0.00008       8     8     0
   0.49204     0.95901     0.00009    -0.00000     0.00004       8     8     0
   0.50000     0.95901     0.00008    -0.00001     0.00003       8     8     0
   0.00000     0.99204     0.00003    -0.00003     0.00003       8     8     0
   0.00796     0.99204     0.00002    -0.00003     0.00002       8     8     0
   0.04099     0.99204     0.00000    -0.00001     0.00001       8     8     0
   0.09666     0.99204    -0.00004     0.00003    -0.00004       8     8     0
   0.16894     0.99204     0.00001     0.00000     0.00000       8     8     0
   0.25000     0.99204     0.00004    -0.00004     0.00004       8     8     0
   0.33106     0.99204    -0.00006     0.00002    -0.00005       8     8     0
   0.40334     0.99204    -0.00000     0.00004    -0.00001       8     8     0
   0.45901     0.99204     0.00008    -0.00002     0.00006       8     8     0
   0.49204     0.99204     0.00007    -0.00005     0.00005       8     8     0
   0.50000     0.99204     0.00007    -0.00005     0.00005       8     8     0
   0.00000     1.00000     0.00003    -0.00003     0.00003       8     8     0
   0.00796     1.00000     0.00003    -0.00003     0.00003       8     8     0
   0.04099     1.00000     0.00001    -0.00001     0.00001       8     8     0
   0.09666     1.00000    -0.00004     0.00003    -0.00003       8     8     0
   0.16894     1.00000    -0.00000     0.00001    -0.00001       8     8     0
   0.25000     1.00000     0.00004    -0.00004     0.00003       8     8     0
   0.33106     1.00000    -0.00004     0.00002    -0.00003       8     8     0
   0.40334     1.00000    -0.00001     0.00005    -0.00001       8     8     0
   0.45901     1.00000     0.00006    -0.00001     0.00004       8     8     0
   0.49204     1.00000     0.00006    -0.00004     0.00004       8     8     0
   0.50000     1.00000     0.00006    -0.00004     0.00004       8     8     0
ZONE T= "IEL     3",  I=11,  J=11,  SOLUTIONTIME=   1.44020,  DATAPACKING = POINT
   0.50000     0.50000     0.00001    -0.00004    -0.00004       8     8     0
   0.50796     0.50000     0.00005    -0.00002    -0.00000       8     8     0
   0.54099     0.50000     0.00007    -0.00000     0.00002       8     8     0
   0.59666     0.50000    -0.00005    -0.00001     0.00003       8     8     0
   0.66894     0.50000    -0.00003     0.00002     0.00002       8     8     0
   0.75000     0.50000    -0.00006    -0.00011    -0.00021       8     8     0
   0.83106     0.50000     0.00002     0.00004     0.00010       8     8     0
   0.90334     0.50000     0.00055     0.00047     0.00069       8     8     0
   0.95901     0.50000     0.00043     0.00020     0.00036       8     8     0
   0.99204     0.50000    -0.00022    -0.00043    -0.00033       8     8     0
   1.00000     0.50000    -0.00041    -0.00061    -0.00052       8     8     0
   0.50000     0.50796     0.00005    -0.00000    -0.00002       8     8     0
   0.50796     0.50796     0.00005    -0.00000    -0.00000       8     8     0
   0.54099     0.50796     0.00005     0.00001    -0.00001       8     8     0
   0.59666     0.50796    -0.00005    -0.00000     0.00002       8     8     0
   0.66894     0.50796    -0.00004    -0.00003     0.00003       8     8     0
   0.75000     0.50796     0.00007     0.00001    -0.00007       8     8     0
   0.83106     0.50796     0.00000     0.00004     0.00004       8     8     0
   0.90334     0.50796    -0.00002     0.00001     0.00013       8     8     0
   0.95901     0.50796    -0.00003    -0.00003    -0.00002       8     8     0
   0.99204     0.50796    -0.00006    -0.00008    -0.00012       8     8     0
   1.00000     0.50796    -0.00005    -0.00010    -0.00013       8     8     0
   0.50000     0.54099     0.00007     0.00002    -0.00000       8     8     0
   0.50796     0.54099     0.00005    -0.00001     0.00001       8     8     0
   0.54099     0.54099     0.00006    -0.00001    -0.00001       8     8     0
   0.59666     0.54099    -0.00000     0.00004    -0.00003       8     8     0
   0.66894     0.54099    -0.00008    -0.00003     0.00005       8     8     0
   0.75000     0.54099     0.00010     0.00001     0.00002       8     8     0
   0.83106     0.54099    -0.00000     0.00003    -0.00009       8     8     0
   0.90334     0.54099    -0.00018    -0.00009    -0.00002       8     8     0
   0.95901     0.54099     0.00001     0.00001     0.00007       8     8     0
   0.99204     0.54099     0.00029     0.00026     0.00014       8     8     0
   1.00000     0.54099     0.00038     0.00034     0.00018       8     8     0
   0.50000     0.59666    -0.00005     0.00003    -0.00001       8     8     0
   0.50796     0.59666    -0.00005     0.00002    -0.00000       8     8     0
   0.54099     0.59666    -0.00000    -0.00003     0.00004       8     8     0
   0.59666     0.59666     0.00012     0.00000     0.00000       8     8     0
   0.66894     0.59666    -0.00007     0.00002    -0.00006       8     8     0
   0.75000     0.59666    -0.00014    -0.00006     0.00002       8     8     0
   0.83106     0.59666     0.00030     0.00008     0.00008       8     8     0
   0.90334     0.59666     0.00011     0.00015     0.00005       8     8     0
   0.95901     0.59666    -0.00001     0.00004     0.00020       8     8     0
   0.99204     0.59666     0.00062     0.00036     0.00057       8     8     0
   1.00000     0.59666     0.00089     0.00057     0.00073       8     8     0
   0.50000     0.66894    -0.00003     0.00002     0.00002       8     8     0
   0.50796     0.66894    -0.00004     0.00003    -0.00003       8     8     0
   0.54099     0.66894    -0.00008     0.00005    -0.00003       8     8     0
   0.59666     0.66894    -0.00007    -0.00006     0.00002       8     8     0
   0.66894     0.66894     0.00014    -0.00001    -0.00001       8     8     0
   0.75000     0.66894     0.00005     0.00013     0.00006       8     8     0
   0.83106     0.66894    -0.00025    -0.00013    -0.00003       8     8     0
   0.90334     0.66894     0.00052     0.00022     0.00017       8     8     0
   0.95901     0.66894     0.00341     0.00245     0.00220       8     8     0
   0.99204     0.66894     0.00797     0.00575     0.00568       8     8     0
   1.00000     0.66894     0.00969     0.00694     0.00697       8     8     0
   0.50000     0.75000    -0.00006    -0.00021    -0.00011       8     8     0
   0.50796     0.75000     0.00007    -0.00007     0.00001       8     8     0
   0.54099     0.75000     0.00010     0.00002     0.00001       8     8     0
   0.59666     0.75000    -0.00014     0.00002    -0.00006       8     8     0
   0.66894     0.75000     0.00005     0.00006     0.00013       8     8     0
   0.75000     0.75000     0.00006    -0.00013    -0.00013       8     8     0
   0.83106     0.75000     0.00064     0.00061     0.00050       8     8     0
   0.90334     0.75000     0.00647     0.00461     0.00482       8     8     0
   0.95901     0.75000     0.02442     0.01710     0.01722       8     8     0
   0.99204     0.75000     0.04896     0.03447     0.03437       8     8     0
   1.00000     0.75000     0.05744     0.04042     0.04032       8     8     0
   0.50000     0.83106     0.00002     0.00010     0.00004       8     8     0
   0.50796     0.83106     0.00000     0.00004     0.00004       8     8     0
   0.54099     0.83106    -0.00000    -0.00009     0.00003       8     8     0
   0.59666     0.83106     0.00030     0.00008     0.00008       8     8     0
   0.66894     0.83106    -0.00025    -0.00003    -0.00013       8     8     0
   0.75000     0.83106     0.00064     0.00050     0.00061       8     8     0
   0.83106     0.83106     0.00846     0.00572     0.00572       8     8     0
   0.90334     0.83106     0.04149     0.02955     0.02929       8     8     0
   0.95901     0.83106     0.12026     0.08524     0.08538       8     8     0
   0.99204     0.83106     0.20525     0.14520     0.14543       8     8     0
   1.00000     0.83106     0.23066     0.16327     0.16337       8     8     0
   0.50000     0.90334     0.00055     0.00069     0.00047       8     8     0
   0.50796     0.90334    -0.00002     0.00013     0.00001       8     8     0
   0.54099     0.90334    -0.00018    -0.00002    -0.00009       8     8     0
   0.59666     0.90334     0.00011     0.00005     0.00015       8     8     0
   0.66894     0.90334     0.00052     0.00017     0.00022       8     8     0
   0.75000     0.90334     0.00647     0.00482     0.00461       8     8     0
   0.83106     0.90334     0.04149     0.02929     0.02955       8     8     0
   0.90334     0.90334     0.15970     0.11273     0.11273       8     8     0
   0.95901     0.90334     0.34933     0.24702     0.24671       8     8     0
   0.99204     0.90334     0.50117     0.35459     0.35434       8     8     0
   1.00000     0.90334     0.54033     0.38241     0.38211       8     8     0
   0.50000     0.95901     0.00043     0.00036     0.00020       8     8     0
   0.50796     0.95901    -0.00003    -0.00002    -0.00003       8     8     0
   0.54099     0.95901     0.00001     0.00007     0.00001       8     8     0
   0.59666     0.95901    -0.00001     0.00020     0.00004       8     8     0
   0.66894     0.95901     0.00341     0.00220     0.00245       8     8     0
   0.75000     0.95901     0.02442     0.01722     0.01710       8     8     0
   0.83106     0.95901     0.12026     0.08538     0.08524       8     8     0
   0.90334     0.95901     0.34933     0.24671     0.24702       8     8     0
   0.95901     0.95901     0.61468     0.43440     0.43440       8     8     0
   0.99204     0.95901     0.77563     0.54836     0.54829       8     8     0
   1.00000     0.95901     0.81116     0.57334     0.57339       8     8     0
   0.50000     0.99204    -0.00022    -0.00033    -0.00043       8     8     0
   0.50796     0.99204    -0.00006    -0.00012    -0.00008       8     8     0
   0.54099     0.99204     0.00029     0.00014     0.00026       8     8     0
   0.59666     0.99204     0.00062     0.00057     0.00036       8     8     0
   0.66894     0.99204     0.00797     0.00568     0.00575       8     8     0
   0.75000     0.99204     0.04896     0.03437     0.03447       8     8     0
   0.83106     0.99204     0.20525     0.14543     0.14520       8     8     0
   0.90334     0.99204     0.50117     0.35434     0.35459       8     8     0
   0.95901     0.99204     0.77563     0.54829     0.54836       8     8     0
   0.99204     0.99204     0.90786     0.64164     0.64164       8     8     0
   1.00000     0.99204     0.93260     0.65882     0.65903       8     8     0
   0.50000     1.00000    -0.00041    -0.00052    -0.00061       8     8     0
   0.50796     1.00000    -0.00005    -0.00013    -0.00010       8     8     0
   0.54099     1.00000     0.00038     0.00018     0.00034       8     8     0
   0.59666     1.00000     0.00089     0.00073     0.00057       8     8     0
   0.66894     1.00000     0.00969     0.00697     0.00694       8     8     0
   0.75000     1.00000     0.05744     0.04032     0.04042       8     8     0
   0.83106     1.00000     0.23066     0.16337     0.16327       8     8     0
   0.90334     1.00000     0.54033     0.38211     0.38241       8     8     0
   0.95901     1.00000     0.81116     0.57339     0.57334       8     8     0
   0.99204     1.00000     0.93260     0.65903     0.65882       8     8     0
   1.00000     1.00000     0.95388     0.67377     0.67377       8     8     0
ZONE T= "IEL     4",  I=11,  J=11,  SOLUTIONTIME=   1.44020,  DATAPACKING = POINT
   0.50000     0.00000     0.00003     0.00003    -0.00002       8     8     0
   0.50796     0.00000     0.00003     0.00002    -0.00002       8     8     0
   0.54099     0.00000     0.00002     0.00002    -0.00002       8     8     0
   0.59666     0.00000    -0.00003    -0.00001     0.00002       8     8     0
   0.66894     0.00000    -0.00003    -0.00002     0.00003       8     8     0
   0.75000     0.00000     0.00004     0.00003    -0.00003       8     8     0
   0.83106     0.00000    -0.00001    -0.00000    -0.00000       8     8     0
   0.90334     0.00000    -0.00003    -0.00003     0.00003       8     8     0
   0.95901     0.00000     0.00001     0.00001    -0.00001       8     8     0
   0.99204     0.00000     0.00003     0.00003    -0.00003       8     8     0
   1.00000     0.00000     0.00003     0.00003    -0.00003       8     8     0
   0.50000     0.00796     0.00003     0.00002    -0.00003       8     8     0
   0.50796     0.00796     0.00003     0.00002    -0.00002       8     8     0
   0.54099     0.00796     0.00003     0.00002    -0.00002       8     8     0
   0.59666     0.00796    -0.00001    -0.00001     0.00002       8     8     0
   0.66894     0.00796    -0.00003    -0.00002     0.00003       8     8     0
   0.75000     0.00796     0.00003     0.00002    -0.00003       8     8     0
   0.83106     0.00796     0.00001     0.00000    -0.00000       8     8     0
   0.90334     0.00796    -0.00003    -0.00003     0.00003       8     8     0
   0.95901     0.00796    -0.00000     0.00000    -0.00001       8     8     0
   0.99204     0.00796     0.00002     0.00002    -0.00003       8     8     0
   1.00000     0.00796     0.00003     0.00003    -0.00003       8     8     0
   0.50000     0.04099     0.00002     0.00002    -0.00002       8     8     0
   0.50796     0.04099     0.00001     0.00001    -0.00001       8     8     0
   0.54099     0.04099     0.00003     0.00002    -0.00002       8     8     0
   0.59666     0.04099     0.00003     0.00002    -0.00001       8     8     0
   0.66894     0.04099    -0.00005    -0.00003     0.00003       8     8     0
   0.75000     0.04099    -0.00000     0.00000    -0.00001       8     8     0
   0.83106     0.04099     0.00005     0.00003    -0.00003       8     8     0
   0.90334     0.04099    -0.00004    -0.00002     0.00003       8     8     0
   0.95901     0.04099    -0.00005    -0.00002     0.00002       8     8     0
   0.99204     0.04099     0.00000     0.00001    -0.00001       8     8     0
   1.00000     0.04099     0.00001     0.00001    -0.00001       8     8     0
   0.50000     0.09666    -0.00001    -0.00001     0.00001       8     8     0
   0.50796     0.09666    -0.00001    -0.00001     0.00001       8     8     0
   0.54099     0.09666     0.00000    -0.00000     0.00000       8     8     0
   0.59666     0.09666     0.00004     0.00003    -0.00003       8     8     0
   0.66894     0.09666    -0.00000     0.00000    -0.00001       8     8     0
   0.75000     0.09666    -0.00004    -0.00003     0.00003       8     8     0
   0.83106     0.09666     0.00003     0.00002    -0.00002       8     8     0
   0.90334     0.09666     0.00001     0.00002    -0.00002       8     8     0
   0.95901     0.09666    -0.00004    -0.00003     0.00003       8     8     0
   0.99204     0.09666    -0.00004    -0.00004     0.00003       8     8     0
   1.00000     0.09666    -0.00004    -0.00003     0.00003       8     8     0
   0.50000     0.16894    -0.00002    -0.00002     0.00002       8     8     0
   0.50796     0.16894    -0.00001    -0.00001     0.00001       8     8     0
   0.54099     0.16894    -0.00003    -0.00002     0.00002       8     8     0
   0.59666     0.16894    -0.00002    -0.00002     0.00001       8     8     0
   0.66894     0.16894     0.00005     0.00003    -0.00003       8     8     0
   0.75000     0.16894    -0.00000    -0.00000     0.00001       8     8     0
   0.83106     0.16894    -0.00005    -0.00003     0.00003       8     8     0
   0.90334     0.16894     0.00004     0.00002    -0.00003       8     8     0
   0.95901     0.16894     0.00006     0.00003    -0.00003       8     8     0
   0.99204     0.16894     0.00001     0.00000     0.00000       8     8     0
   1.00000     0.16894    -0.00000    -0.00001     0.00001       8     8     0
   0.50000     0.25000     0.00002     0.00002    -0.00002       8     8     0
   0.50796     0.25000     0.00002     0.00001    -0.00001       8     8     0
   0.54099     0.25000     0.00002     0.00001    -0.00001       8     8     0
   0.59666     0.25000    -0.00002    -0.00001     0.00002       8     8     0
   0.66894     0.25000    -0.00002    -0.00002     0.00002       8     8     0
   0.75000     0.25000     0.00005     0.00003    -0.00004       8     8     0
   0.83106     0.25000    -0.00001    -0.00000     0.00000       8     8     0
   0.90334     0.25000    -0.00004    -0.00004     0.00004       8     8     0
   0.95901     0.25000     0.00001     0.00001    -0.00000       8     8     0
   0.99204     0.25000     0.00004     0.00004    -0.00004       8     8     0
   1.00000     0.25000     0.00004     0.00003    -0.00004       8     8     0
   0.50000     0.33106     0.00000     0.00001    -0.00001       8     8     0
   0.50796     0.33106    -0.00000     0.00000    -0.00000       8     8     0
   0.54099     0.33106     0.00002     0.00001    -0.00001       8     8     0
   0.59666     0.33106     0.00004     0.00003    -0.00002       8     8     0
   0.66894     0.33106    -0.00004    -0.00002     0.00002       8     8     0
   0.75000     0.33106    -0.00002    -0.00002     0.00002       8     8     0
   0.83106     0.33106     0.00007     0.00004    -0.00003       8     8     0
   0.90334     0.33106    -0.00003     0.00001     0.00000       8     8     0
   0.95901     0.33106    -0.00010    -0.00006     0.00004       8     8     0
   0.99204     0.33106    -0.00006    -0.00005     0.00002       8     8     0
   1.00000     0.33106    -0.00004    -0.00003     0.00002       8     8     0
   0.50000     0.40334    -0.00004    -0.00002     0.00002       8     8     0
   0.50796     0.40334    -0.00003    -0.00001     0.00001       8     8     0
   0.54099     0.40334    -0.00004    -0.00001     0.00001       8     8     0
   0.59666     0.40334     0.00001    -0.00000    -0.00000       8     8     0
   0.66894     0.40334     0.00005     0.00003    -0.00004       8     8     0
   0.75000     0.40334    -0.00006    -0.00002     0.00003       8     8     0
   0.83106     0.40334    -0.00002    -0.00002     0.00002       8     8     0
   0.90334     0.40334     0.00008     0.00004    -0.00006       8     8     0
   0.95901     0.40334     0.00005     0.00002    -0.00002       8     8     0
   0.99204     0.40334    -0.00000    -0.00001     0.00004       8     8     0
   1.00000     0.40334    -0.00001    -0.00001     0.00005       8     8     0
   0.50000     0.45901    -0.00000    -0.00001     0.00001       8     8     0
   0.50796     0.45901     0.00001    -0.00000     0.00000       8     8     0
   0.54099     0.45901    -0.00002     0.00000     0.00001       8     8     0
   0.59666     0.45901    -0.00005    -0.00003     0.00002       8     8     0
   0.66894     0.45901     0.00005     0.00002    -0.00002       8     8     0
   0.75000     0.45901     0.00003     0.00003    -0.00003       8     8     0
   0.83106     0.45901    -0.00011    -0.00005     0.00003       8     8     0
   0.90334     0.45901     0.00004    -0.00001     0.00002       8     8     0
   0.95901     0.45901     0.00014     0.00008    -0.00002       8     8     0
   0.99204     0.45901     0.00008     0.00006    -0.00002       8     8     0
   1.00000     0.45901     0.00006     0.00004    -0.00001       8     8     0
   0.50000     0.49204     0.00004    -0.00001    -0.00000       8     8     0
   0.50796     0.49204     0.00004    -0.00000    -0.00000       8     8     0
   0.54099     0.49204     0.00003     0.00001    -0.00001       8     8     0
   0.59666     0.49204    -0.00007    -0.00001     0.00002       8     8     0
   0.66894     0.49204    -0.00000    -0.00001     0.00002       8     8     0
   0.75000     0.49204     0.00008     0.00003    -0.00006       8     8     0
   0.83106     0.49204    -0.00009    -0.00001     0.00001       8     8     0
   0.90334     0.49204    -0.00003    -0.00003     0.00008       8     8     0
   0.95901     0.49204     0.00009     0.00004    -0.00000       8     8     0
   0.99204     0.49204     0.00007     0.00005    -0.00005       8     8     0
   1.00000     0.49204     0.00006     0.00004    -0.00004       8     8     0
   0.50000     0.50000     0.00005    -0.00001    -0.00000       8     8     0
   0.50796     0.50000     0.00005    -0.00001    -0.00000       8     8     0
   0.54099     0.50000     0.00004     0.00001    -0.00001       8     8     0
   0.59666     0.50000    -0.00006    -0.00001     0.00002       8     8     0
   0.66894     0.50000    -0.00002    -0.00002     0.00003       8     8     0
   0.75000     0.50000     0.00009     0.00003    -0.00005       8     8     0
   0.83106     0.50000    -0.00008    -0.00000     0.00001       8     8     0
   0.90334     0.50000    -0.00004    -0.00003     0.00008       8     8     0
   0.95901     0.50000     0.00008     0.00003    -0.00001       8     8     0
   0.99204     0.50000     0.00007     0.00005    -0.00005       8     8     0
   1.00000     0.50000     0.00006     0.00004    -0.00004       8     8     0
