TITLE = "MESH AND SOLUTIONS"
VARIABLES = "X", "Y", "PRESSURE", "U", "V",  "N", "M", "PROC"
ZONE T= "IEL     1",  I=11,  J=11,  SOLUTIONTIME=   1.36020,  DATAPACKING = POINT
   0.00000     0.00000    -0.00002    -0.00001    -0.00001       8     8     0
   0.00796     0.00000    -0.00002     0.00000     0.00000       8     8     0
   0.04099     0.00000    -0.00031     0.00027     0.00027       8     8     0
   0.09666     0.00000    -0.00006    -0.00014     0.00003       8     8     0
   0.16894     0.00000     0.00117    -0.00157    -0.00121       8     8     0
   0.25000     0.00000     0.01143    -0.01220    -0.01156       8     8     0
   0.33106     0.00000     0.04802    -0.05243    -0.04790       8     8     0
   0.40334     0.00000     0.09545    -0.10979    -0.09531       8     8     0
   0.45901     0.00000     0.11967    -0.14599    -0.12005       8     8     0
   0.49204     0.00000     0.12425    -0.15831    -0.12481       8     8     0
   0.50000     0.00000     0.12473    -0.16061    -0.12524       8     8     0
   0.00000     0.00796    -0.00002     0.00000     0.00000       8     8     0
   0.00796     0.00796    -0.00003    -0.00000    -0.00000       8     8     0
   0.04099     0.00796    -0.00029     0.00020     0.00026       8     8     0
   0.09666     0.00796     0.00004    -0.00027     0.00005       8     8     0
   0.16894     0.00796     0.00146    -0.00184    -0.00117       8     8     0
   0.25000     0.00796     0.01340    -0.01421    -0.01121       8     8     0
   0.33106     0.00796     0.05231    -0.05724    -0.04663       8     8     0
   0.40334     0.00796     0.09904    -0.11450    -0.09276       8     8     0
   0.45901     0.00796     0.12067    -0.14826    -0.11680       8     8     0
   0.49204     0.00796     0.12362    -0.15885    -0.12164       8     8     0
   0.50000     0.00796     0.12373    -0.16074    -0.12218       8     8     0
   0.00000     0.04099    -0.00031     0.00027     0.00027       8     8     0
   0.00796     0.04099    -0.00029     0.00026     0.00020       8     8     0
   0.04099     0.04099    -0.00045     0.00035     0.00035       8     8     0
   0.09666     0.04099     0.00022    -0.00052     0.00026       8     8     0
   0.16894     0.04099     0.00210    -0.00290    -0.00056       8     8     0
   0.25000     0.04099     0.01982    -0.02210    -0.00866       8     8     0
   0.33106     0.04099     0.06846    -0.07619    -0.03944       8     8     0
   0.40334     0.04099     0.11379    -0.13300    -0.08145       8     8     0
   0.45901     0.04099     0.12535    -0.15679    -0.10489       8     8     0
   0.49204     0.04099     0.12182    -0.16061    -0.11072       8     8     0
   0.50000     0.04099     0.12059    -0.16108    -0.11157       8     8     0
   0.00000     0.09666    -0.00006     0.00003    -0.00014       8     8     0
   0.00796     0.09666     0.00004     0.00005    -0.00027       8     8     0
   0.04099     0.09666     0.00022     0.00026    -0.00052       8     8     0
   0.09666     0.09666     0.00184    -0.00092    -0.00092       8     8     0
   0.16894     0.09666     0.00493    -0.00391    -0.00162       8     8     0
   0.25000     0.09666     0.03005    -0.03117    -0.00555       8     8     0
   0.33106     0.09666     0.09215    -0.10191    -0.02505       8     8     0
   0.40334     0.09666     0.13791    -0.16254    -0.05910       8     8     0
   0.45901     0.09666     0.13661    -0.17440    -0.08443       8     8     0
   0.49204     0.09666     0.12376    -0.16848    -0.09405       8     8     0
   0.50000     0.09666     0.12060    -0.16686    -0.09581       8     8     0
   0.00000     0.16894     0.00117    -0.00121    -0.00157       8     8     0
   0.00796     0.16894     0.00146    -0.00117    -0.00184       8     8     0
   0.04099     0.16894     0.00210    -0.00056    -0.00290       8     8     0
   0.09666     0.16894     0.00493    -0.00162    -0.00391       8     8     0
   0.16894     0.16894     0.00871    -0.00434    -0.00434       8     8     0
   0.25000     0.16894     0.03782    -0.03481    -0.00278       8     8     0
   0.33106     0.16894     0.11576    -0.12132    -0.00611       8     8     0
   0.40334     0.16894     0.17338    -0.19697    -0.02710       8     8     0
   0.45901     0.16894     0.16503    -0.20600    -0.05467       8     8     0
   0.49204     0.16894     0.14208    -0.19215    -0.07061       8     8     0
   0.50000     0.16894     0.13667    -0.18868    -0.07391       8     8     0
   0.00000     0.25000     0.01143    -0.01156    -0.01220       8     8     0
   0.00796     0.25000     0.01340    -0.01121    -0.01421       8     8     0
   0.04099     0.25000     0.01982    -0.00866    -0.02210       8     8     0
   0.09666     0.25000     0.03005    -0.00555    -0.03117       8     8     0
   0.16894     0.25000     0.03782    -0.00278    -0.03481       8     8     0
   0.25000     0.25000     0.05938    -0.02490    -0.02490       8     8     0
   0.33106     0.25000     0.13793    -0.11709    -0.00102       8     8     0
   0.40334     0.25000     0.21893    -0.22285     0.00797       8     8     0
   0.45901     0.25000     0.22231    -0.25207    -0.01225       8     8     0
   0.49204     0.25000     0.19429    -0.23972    -0.03369       8     8     0
   0.50000     0.25000     0.18682    -0.23581    -0.03881       8     8     0
   0.00000     0.33106     0.04802    -0.04790    -0.05243       8     8     0
   0.00796     0.33106     0.05231    -0.04663    -0.05724       8     8     0
   0.04099     0.33106     0.06846    -0.03944    -0.07619       8     8     0
   0.09666     0.33106     0.09215    -0.02505    -0.10191       8     8     0
   0.16894     0.33106     0.11576    -0.00611    -0.12132       8     8     0
   0.25000     0.33106     0.13793    -0.00102    -0.11709       8     8     0
   0.33106     0.33106     0.19869    -0.06958    -0.06958       8     8     0
   0.40334     0.33106     0.28976    -0.20091    -0.00568       8     8     0
   0.45901     0.33106     0.32109    -0.28097     0.01825       8     8     0
   0.49204     0.33106     0.30120    -0.29393     0.01052       8     8     0
   0.50000     0.33106     0.29306    -0.29371     0.00667       8     8     0
   0.00000     0.40334     0.09545    -0.09531    -0.10979       8     8     0
   0.00796     0.40334     0.09904    -0.09276    -0.11450       8     8     0
   0.04099     0.40334     0.11379    -0.08145    -0.13300       8     8     0
   0.09666     0.40334     0.13791    -0.05910    -0.16254       8     8     0
   0.16894     0.40334     0.17338    -0.02710    -0.19697       8     8     0
   0.25000     0.40334     0.21893     0.00797    -0.22285       8     8     0
   0.33106     0.40334     0.28976    -0.00568    -0.20091       8     8     0
   0.40334     0.40334     0.39157    -0.11382    -0.11382       8     8     0
   0.45901     0.40334     0.45690    -0.23509    -0.02949       8     8     0
   0.49204     0.40334     0.46073    -0.29093     0.00442       8     8     0
   0.50000     0.40334     0.45588    -0.30008     0.00922       8     8     0
   0.00000     0.45901     0.11967    -0.12005    -0.14599       8     8     0
   0.00796     0.45901     0.12067    -0.11680    -0.14826       8     8     0
   0.04099     0.45901     0.12535    -0.10489    -0.15679       8     8     0
   0.09666     0.45901     0.13661    -0.08443    -0.17440       8     8     0
   0.16894     0.45901     0.16503    -0.05467    -0.20600       8     8     0
   0.25000     0.45901     0.22231    -0.01225    -0.25207       8     8     0
   0.33106     0.45901     0.32109     0.01825    -0.28097       8     8     0
   0.40334     0.45901     0.45690    -0.02949    -0.23509       8     8     0
   0.45901     0.45901     0.56737    -0.13907    -0.13907       8     8     0
   0.49204     0.45901     0.60693    -0.21695    -0.07339       8     8     0
   0.50000     0.45901     0.61034    -0.23386    -0.05919       8     8     0
   0.00000     0.49204     0.12425    -0.12481    -0.15831       8     8     0
   0.00796     0.49204     0.12362    -0.12164    -0.15885       8     8     0
   0.04099     0.49204     0.12182    -0.11072    -0.16061       8     8     0
   0.09666     0.49204     0.12376    -0.09405    -0.16848       8     8     0
   0.16894     0.49204     0.14208    -0.07061    -0.19215       8     8     0
   0.25000     0.49204     0.19429    -0.03369    -0.23972       8     8     0
   0.33106     0.49204     0.30120     0.01052    -0.29393       8     8     0
   0.40334     0.49204     0.46073     0.00442    -0.29093       8     8     0
   0.45901     0.49204     0.60693    -0.07339    -0.21695       8     8     0
   0.49204     0.49204     0.67701    -0.14752    -0.14752       8     8     0
   0.50000     0.49204     0.68868    -0.16612    -0.13015       8     8     0
   0.00000     0.50000     0.12473    -0.12524    -0.16061       8     8     0
   0.00796     0.50000     0.12373    -0.12218    -0.16074       8     8     0
   0.04099     0.50000     0.12059    -0.11157    -0.16108       8     8     0
   0.09666     0.50000     0.12060    -0.09581    -0.16686       8     8     0
   0.16894     0.50000     0.13667    -0.07391    -0.18868       8     8     0
   0.25000     0.50000     0.18682    -0.03881    -0.23581       8     8     0
   0.33106     0.50000     0.29306     0.00667    -0.29371       8     8     0
   0.40334     0.50000     0.45588     0.00922    -0.30008       8     8     0
   0.45901     0.50000     0.61034    -0.05919    -0.23386       8     8     0
   0.49204     0.50000     0.68868    -0.13015    -0.16612       8     8     0
   0.50000     0.50000     0.70273    -0.14859    -0.14859       8     8     0
ZONE T= "IEL     2",  I=11,  J=11,  SOLUTIONTIME=   1.36020,  DATAPACKING = POINT
   0.00000     0.50000     0.12423    -0.12479    -0.16013       8     8     0
   0.00796     0.50000     0.12322    -0.12169    -0.16024       8     8     0
   0.04099     0.50000     0.11993    -0.11110    -0.16046       8     8     0
   0.09666     0.50000     0.11962    -0.09559    -0.16594       8     8     0
   0.16894     0.50000     0.13518    -0.07416    -0.18719       8     8     0
   0.25000     0.50000     0.18493    -0.03942    -0.23402       8     8     0
   0.33106     0.50000     0.29224     0.00641    -0.29278       8     8     0
   0.40334     0.50000     0.45667     0.00965    -0.30056       8     8     0
   0.45901     0.50000     0.61126    -0.05846    -0.23502       8     8     0
   0.49204     0.50000     0.68924    -0.12963    -0.16708       8     8     0
   0.50000     0.50000     0.70325    -0.14821    -0.14938       8     8     0
   0.00000     0.50796     0.12384    -0.12436    -0.16153       8     8     0
   0.00796     0.50796     0.12247    -0.12137    -0.16125       8     8     0
   0.04099     0.50796     0.11785    -0.11121    -0.15999       8     8     0
   0.09666     0.50796     0.11547    -0.09685    -0.16318       8     8     0
   0.16894     0.50796     0.12818    -0.07737    -0.18201       8     8     0
   0.25000     0.50796     0.17507    -0.04514    -0.22748       8     8     0
   0.33106     0.50796     0.28152     0.00130    -0.29004       8     8     0
   0.40334     0.50796     0.44986     0.01308    -0.30848       8     8     0
   0.45901     0.50796     0.61323    -0.04490    -0.25189       8     8     0
   0.49204     0.50796     0.69946    -0.11188    -0.18638       8     8     0
   0.50000     0.50796     0.71577    -0.12997    -0.16875       8     8     0
   0.00000     0.54099     0.11852    -0.11865    -0.16325       8     8     0
   0.00796     0.54099     0.11588    -0.11634    -0.16148       8     8     0
   0.04099     0.54099     0.10680    -0.10829    -0.15512       8     8     0
   0.09666     0.54099     0.09720    -0.09883    -0.15005       8     8     0
   0.16894     0.54099     0.09843    -0.08814    -0.15838       8     8     0
   0.25000     0.54099     0.12959    -0.06831    -0.19442       8     8     0
   0.33106     0.54099     0.22388    -0.02671    -0.26348       8     8     0
   0.40334     0.54099     0.39949     0.01252    -0.32067       8     8     0
   0.45901     0.54099     0.59346    -0.00075    -0.30867       8     8     0
   0.49204     0.54099     0.71320    -0.04341    -0.26263       8     8     0
   0.50000     0.54099     0.73969    -0.05763    -0.24753       8     8     0
   0.00000     0.59666     0.10044    -0.09942    -0.15466       8     8     0
   0.00796     0.59666     0.09673    -0.09872    -0.15130       8     8     0
   0.04099     0.59666     0.08467    -0.09515    -0.14035       8     8     0
   0.09666     0.59666     0.06907    -0.09304    -0.12740       8     8     0
   0.16894     0.59666     0.05602    -0.09550    -0.12144       8     8     0
   0.25000     0.59666     0.05822    -0.09717    -0.13563       8     8     0
   0.33106     0.59666     0.10685    -0.08279    -0.18716       8     8     0
   0.40334     0.59666     0.24937    -0.03758    -0.27114       8     8     0
   0.45901     0.59666     0.45636     0.00627    -0.32981       8     8     0
   0.49204     0.59666     0.61482     0.01724    -0.33811       8     8     0
   0.50000     0.59666     0.65519     0.01615    -0.33521       8     8     0
   0.00000     0.66894     0.07078    -0.06971    -0.13189       8     8     0
   0.00796     0.66894     0.06776    -0.07040    -0.12837       8     8     0
   0.04099     0.66894     0.05745    -0.07257    -0.11672       8     8     0
   0.09666     0.66894     0.04252    -0.07785    -0.10206       8     8     0
   0.16894     0.66894     0.02319    -0.09013    -0.08873       8     8     0
   0.25000     0.66894     0.00292    -0.10948    -0.08308       8     8     0
   0.33106     0.66894    -0.00768    -0.13195    -0.09636       8     8     0
   0.40334     0.66894     0.03803    -0.13184    -0.14923       8     8     0
   0.45901     0.66894     0.17231    -0.09023    -0.23008       8     8     0
   0.49204     0.66894     0.31355    -0.04416    -0.28752       8     8     0
   0.50000     0.66894     0.35469    -0.03155    -0.30060       8     8     0
   0.00000     0.75000     0.04022    -0.04121    -0.10069       8     8     0
   0.00796     0.75000     0.03918    -0.04225    -0.09832       8     8     0
   0.04099     0.75000     0.03264    -0.04888    -0.08890       8     8     0
   0.09666     0.75000     0.02146    -0.06065    -0.07638       8     8     0
   0.16894     0.75000     0.00469    -0.07772    -0.06414       8     8     0
   0.25000     0.75000    -0.02052    -0.10382    -0.05374       8     8     0
   0.33106     0.75000    -0.05582    -0.14194    -0.04632       8     8     0
   0.40334     0.75000    -0.09308    -0.18901    -0.05079       8     8     0
   0.45901     0.75000    -0.08381    -0.20992    -0.08477       8     8     0
   0.49204     0.75000    -0.03061    -0.19567    -0.12912       8     8     0
   0.50000     0.75000    -0.00978    -0.18751    -0.14297       8     8     0
   0.00000     0.83106     0.01788    -0.01964    -0.06801       8     8     0
   0.00796     0.83106     0.01790    -0.02131    -0.06660       8     8     0
   0.04099     0.83106     0.01448    -0.03080    -0.06024       8     8     0
   0.09666     0.83106     0.00625    -0.04693    -0.05117       8     8     0
   0.16894     0.83106    -0.00669    -0.06715    -0.04235       8     8     0
   0.25000     0.83106    -0.02997    -0.09532    -0.03403       8     8     0
   0.33106     0.83106    -0.06543    -0.13348    -0.02628       8     8     0
   0.40334     0.83106    -0.12104    -0.19058    -0.01719       8     8     0
   0.45901     0.83106    -0.17868    -0.25169    -0.01488       8     8     0
   0.49204     0.83106    -0.20221    -0.28310    -0.02416       8     8     0
   0.50000     0.83106    -0.20388    -0.28811    -0.02868       8     8     0
   0.00000     0.90334     0.00568    -0.00669    -0.03900       8     8     0
   0.00796     0.90334     0.00580    -0.00922    -0.03811       8     8     0
   0.04099     0.90334     0.00424    -0.02054    -0.03444       8     8     0
   0.09666     0.90334    -0.00173    -0.03881    -0.02930       8     8     0
   0.16894     0.90334    -0.01262    -0.06089    -0.02433       8     8     0
   0.25000     0.90334    -0.03336    -0.08950    -0.01935       8     8     0
   0.33106     0.90334    -0.06740    -0.12690    -0.01406       8     8     0
   0.40334     0.90334    -0.12055    -0.18102    -0.00707       8     8     0
   0.45901     0.90334    -0.18911    -0.24880    -0.00001       8     8     0
   0.49204     0.90334    -0.23844    -0.29697     0.00210       8     8     0
   0.50000     0.90334    -0.24985    -0.30817     0.00185       8     8     0
   0.00000     0.95901     0.00073    -0.00142    -0.01657       8     8     0
   0.00796     0.95901     0.00090    -0.00429    -0.01617       8     8     0
   0.04099     0.95901    -0.00004    -0.01639    -0.01455       8     8     0
   0.09666     0.95901    -0.00491    -0.03565    -0.01231       8     8     0
   0.16894     0.95901    -0.01526    -0.05852    -0.01027       8     8     0
   0.25000     0.95901    -0.03499    -0.08707    -0.00817       8     8     0
   0.33106     0.95901    -0.06678    -0.12389    -0.00604       8     8     0
   0.40334     0.95901    -0.11764    -0.17565    -0.00326       8     8     0
   0.45901     0.95901    -0.18681    -0.24296     0.00075       8     8     0
   0.49204     0.95901    -0.24105    -0.29499     0.00317       8     8     0
   0.50000     0.95901    -0.25472    -0.30797     0.00350       8     8     0
   0.00000     0.99204    -0.00032    -0.00028    -0.00322       8     8     0
   0.00796     0.99204    -0.00014    -0.00323    -0.00314       8     8     0
   0.04099     0.99204    -0.00094    -0.01548    -0.00283       8     8     0
   0.09666     0.99204    -0.00548    -0.03496    -0.00242       8     8     0
   0.16894     0.99204    -0.01568    -0.05801    -0.00204       8     8     0
   0.25000     0.99204    -0.03534    -0.08649    -0.00161       8     8     0
   0.33106     0.99204    -0.06691    -0.12345    -0.00106       8     8     0
   0.40334     0.99204    -0.11746    -0.17478    -0.00045       8     8     0
   0.45901     0.99204    -0.18614    -0.24132     0.00019       8     8     0
   0.49204     0.99204    -0.24029    -0.29362     0.00055       8     8     0
   0.50000     0.99204    -0.25408    -0.30691     0.00060       8     8     0
   0.00000     1.00000    -0.00029    -0.00025    -0.00007       8     8     0
   0.00796     1.00000    -0.00013    -0.00322    -0.00005       8     8     0
   0.04099     1.00000    -0.00091    -0.01548    -0.00008       8     8     0
   0.09666     1.00000    -0.00532    -0.03492    -0.00020       8     8     0
   0.16894     1.00000    -0.01540    -0.05791    -0.00033       8     8     0
   0.25000     1.00000    -0.03487    -0.08625    -0.00049       8     8     0
   0.33106     1.00000    -0.06690    -0.12343     0.00012       8     8     0
   0.40334     1.00000    -0.11862    -0.17544     0.00133       8     8     0
   0.45901     1.00000    -0.18737    -0.24216     0.00126       8     8     0
   0.49204     1.00000    -0.24081    -0.29404     0.00036       8     8     0
   0.50000     1.00000    -0.25438    -0.30715     0.00009       8     8     0
ZONE T= "IEL     3",  I=11,  J=11,  SOLUTIONTIME=   1.36020,  DATAPACKING = POINT
   0.50000     0.50000     0.70371    -0.14901    -0.14901       8     8     0
   0.50796     0.50000     0.71626    -0.16848    -0.13059       8     8     0
   0.54099     0.50000     0.74018    -0.24799    -0.05728       8     8     0
   0.59666     0.50000     0.65661    -0.33687     0.01809       8     8     0
   0.66894     0.50000     0.35443    -0.30079    -0.03195       8     8     0
   0.75000     0.50000    -0.01468    -0.13994    -0.19255       8     8     0
   0.83106     0.50000    -0.20757    -0.02722    -0.29162       8     8     0
   0.90334     0.50000    -0.25080    -0.00022    -0.30918       8     8     0
   0.95901     0.50000    -0.25662     0.00182    -0.30987       8     8     0
   0.99204     0.50000    -0.25642     0.00020    -0.30916       8     8     0
   1.00000     0.50000    -0.25654    -0.00014    -0.30925       8     8     0
   0.50000     0.50796     0.71626    -0.13059    -0.16848       8     8     0
   0.50796     0.50796     0.73100    -0.14984    -0.14984       8     8     0
   0.54099     0.50796     0.76485    -0.23051    -0.07357       8     8     0
   0.59666     0.50796     0.69561    -0.33027     0.01394       8     8     0
   0.66894     0.50796     0.39901    -0.31340    -0.01852       8     8     0
   0.75000     0.50796     0.01447    -0.15815    -0.17754       8     8     0
   0.83106     0.50796    -0.20430    -0.03400    -0.29213       8     8     0
   0.90334     0.50796    -0.26097     0.00122    -0.31946       8     8     0
   0.95901     0.50796    -0.26856     0.00362    -0.32108       8     8     0
   0.99204     0.50796    -0.26819     0.00061    -0.32022       8     8     0
   1.00000     0.50796    -0.26819    -0.00026    -0.32027       8     8     0
   0.50000     0.54099     0.74018    -0.05728    -0.24799       8     8     0
   0.50796     0.54099     0.76485    -0.07357    -0.23051       8     8     0
   0.54099     0.54099     0.84599    -0.15036    -0.15036       8     8     0
   0.59666     0.54099     0.85635    -0.28618    -0.01630       8     8     0
   0.66894     0.54099     0.60345    -0.35109     0.03043       8     8     0
   0.75000     0.54099     0.15747    -0.23099    -0.11400       8     8     0
   0.83106     0.54099    -0.17056    -0.07219    -0.28281       8     8     0
   0.90334     0.54099    -0.29049    -0.00795    -0.35121       8     8     0
   0.95901     0.54099    -0.31760     0.00252    -0.36748       8     8     0
   0.99204     0.54099    -0.32003     0.00046    -0.36951       8     8     0
   1.00000     0.54099    -0.31908    -0.00143    -0.36879       8     8     0
   0.50000     0.59666     0.65661     0.01809    -0.33687       8     8     0
   0.50796     0.59666     0.69561     0.01394    -0.33027       8     8     0
   0.54099     0.59666     0.85635    -0.01630    -0.28618       8     8     0
   0.59666     0.59666     1.04470    -0.13777    -0.13777       8     8     0
   0.66894     0.59666     0.98120    -0.32862     0.05848       8     8     0
   0.75000     0.59666     0.54108    -0.35796     0.04865       8     8     0
   0.83106     0.59666     0.03911    -0.19296    -0.16273       8     8     0
   0.90334     0.59666    -0.23607    -0.06248    -0.32345       8     8     0
   0.95901     0.59666    -0.32908    -0.01665    -0.38120       8     8     0
   0.99204     0.59666    -0.34575    -0.00283    -0.39248       8     8     0
   1.00000     0.59666    -0.34433    -0.00228    -0.39102       8     8     0
   0.50000     0.66894     0.35443    -0.03195    -0.30079       8     8     0
   0.50796     0.66894     0.39901    -0.01852    -0.31340       8     8     0
   0.54099     0.66894     0.60345     0.03043    -0.35109       8     8     0
   0.59666     0.66894     0.98120     0.05848    -0.32862       8     8     0
   0.66894     0.66894     1.29156    -0.09984    -0.09984       8     8     0
   0.75000     0.66894     1.14499    -0.36881     0.17895       8     8     0
   0.83106     0.66894     0.62313    -0.39672     0.16009       8     8     0
   0.90334     0.66894     0.16011    -0.22636    -0.04068       8     8     0
   0.95901     0.66894    -0.05466    -0.08847    -0.16094       8     8     0
   0.99204     0.66894    -0.10375    -0.01649    -0.18953       8     8     0
   1.00000     0.66894    -0.10604     0.00084    -0.19077       8     8     0
   0.50000     0.75000    -0.01468    -0.19255    -0.13994       8     8     0
   0.50796     0.75000     0.01447    -0.17754    -0.15815       8     8     0
   0.54099     0.75000     0.15747    -0.11400    -0.23099       8     8     0
   0.59666     0.75000     0.54108     0.04865    -0.35796       8     8     0
   0.66894     0.75000     1.14499     0.17895    -0.36881       8     8     0
   0.75000     0.75000     1.50882    -0.04351    -0.04351       8     8     0
   0.83106     0.75000     1.33779    -0.38375     0.32533       8     8     0
   0.90334     0.75000     0.93864    -0.39738     0.40158       8     8     0
   0.95901     0.75000     0.69415    -0.19956     0.35302       8     8     0
   0.99204     0.75000     0.63299    -0.04036     0.33544       8     8     0
   1.00000     0.75000     0.62891     0.00207     0.33263       8     8     0
   0.50000     0.83106    -0.20757    -0.29162    -0.02722       8     8     0
   0.50796     0.83106    -0.20430    -0.29213    -0.03400       8     8     0
   0.54099     0.83106    -0.17056    -0.28281    -0.07219       8     8     0
   0.59666     0.83106     0.03911    -0.16273    -0.19296       8     8     0
   0.66894     0.83106     0.62313     0.16009    -0.39672       8     8     0
   0.75000     0.83106     1.33779     0.32533    -0.38375       8     8     0
   0.83106     0.83106     1.70569     0.05366     0.05366       8     8     0
   0.90334     0.83106     1.75156    -0.18621     0.55364       8     8     0
   0.95901     0.83106     1.72671    -0.13514     0.79925       8     8     0
   0.99204     0.83106     1.71826    -0.02951     0.85463       8     8     0
   1.00000     0.83106     1.71945    -0.00170     0.85687       8     8     0
   0.50000     0.90334    -0.25080    -0.30918    -0.00022       8     8     0
   0.50796     0.90334    -0.26097    -0.31946     0.00122       8     8     0
   0.54099     0.90334    -0.29049    -0.35121    -0.00795       8     8     0
   0.59666     0.90334    -0.23607    -0.32345    -0.06248       8     8     0
   0.66894     0.90334     0.16011    -0.04068    -0.22636       8     8     0
   0.75000     0.90334     0.93864     0.40158    -0.39738       8     8     0
   0.83106     0.90334     1.75156     0.55364    -0.18621       8     8     0
   0.90334     0.90334     2.33223     0.38054     0.38054       8     8     0
   0.95901     0.90334     2.60782     0.16734     0.78292       8     8     0
   0.99204     0.90334     2.67056     0.03245     0.88428       8     8     0
   1.00000     0.90334     2.67467    -0.00168     0.88990       8     8     0
   0.50000     0.95901    -0.25662    -0.30987     0.00182       8     8     0
   0.50796     0.95901    -0.26856    -0.32108     0.00362       8     8     0
   0.54099     0.95901    -0.31760    -0.36748     0.00252       8     8     0
   0.59666     0.95901    -0.32908    -0.38120    -0.01665       8     8     0
   0.66894     0.95901    -0.05466    -0.16094    -0.08847       8     8     0
   0.75000     0.95901     0.69415     0.35302    -0.19956       8     8     0
   0.83106     0.95901     1.72671     0.79925    -0.13514       8     8     0
   0.90334     0.95901     2.60782     0.78292     0.16734       8     8     0
   0.95901     0.95901     3.05443     0.40976     0.40976       8     8     0
   0.99204     0.95901     3.15643     0.08315     0.47267       8     8     0
   1.00000     0.95901     3.15963     0.00115     0.47602       8     8     0
   0.50000     0.99204    -0.25642    -0.30916     0.00020       8     8     0
   0.50796     0.99204    -0.26819    -0.32022     0.00061       8     8     0
   0.54099     0.99204    -0.32003    -0.36951     0.00046       8     8     0
   0.59666     0.99204    -0.34575    -0.39248    -0.00283       8     8     0
   0.66894     0.99204    -0.10375    -0.18953    -0.01649       8     8     0
   0.75000     0.99204     0.63299     0.33544    -0.04036       8     8     0
   0.83106     0.99204     1.71826     0.85463    -0.02951       8     8     0
   0.90334     0.99204     2.67056     0.88428     0.03245       8     8     0
   0.95901     0.99204     3.15643     0.47267     0.08315       8     8     0
   0.99204     0.99204     3.26733     0.09636     0.09636       8     8     0
   1.00000     0.99204     3.27005     0.00207     0.09708       8     8     0
   0.50000     1.00000    -0.25654    -0.30925    -0.00014       8     8     0
   0.50796     1.00000    -0.26819    -0.32027    -0.00026       8     8     0
   0.54099     1.00000    -0.31908    -0.36879    -0.00143       8     8     0
   0.59666     1.00000    -0.34433    -0.39102    -0.00228       8     8     0
   0.66894     1.00000    -0.10604    -0.19077     0.00084       8     8     0
   0.75000     1.00000     0.62891     0.33263     0.00207       8     8     0
   0.83106     1.00000     1.71945     0.85687    -0.00170       8     8     0
   0.90334     1.00000     2.67467     0.88990    -0.00168       8     8     0
   0.95901     1.00000     3.15963     0.47602     0.00115       8     8     0
   0.99204     1.00000     3.27005     0.09708     0.00207       8     8     0
   1.00000     1.00000     3.27267     0.00214     0.00214       8     8     0
ZONE T= "IEL     4",  I=11,  J=11,  SOLUTIONTIME=   1.36020,  DATAPACKING = POINT
   0.50000     0.00000     0.12423    -0.16013    -0.12479       8     8     0
   0.50796     0.00000     0.12384    -0.16153    -0.12436       8     8     0
   0.54099     0.00000     0.11852    -0.16325    -0.11865       8     8     0
   0.59666     0.00000     0.10044    -0.15466    -0.09942       8     8     0
   0.66894     0.00000     0.07078    -0.13189    -0.06971       8     8     0
   0.75000     0.00000     0.04022    -0.10069    -0.04121       8     8     0
   0.83106     0.00000     0.01788    -0.06801    -0.01964       8     8     0
   0.90334     0.00000     0.00568    -0.03900    -0.00669       8     8     0
   0.95901     0.00000     0.00073    -0.01657    -0.00142       8     8     0
   0.99204     0.00000    -0.00032    -0.00322    -0.00028       8     8     0
   1.00000     0.00000    -0.00029    -0.00007    -0.00025       8     8     0
   0.50000     0.00796     0.12322    -0.16024    -0.12169       8     8     0
   0.50796     0.00796     0.12247    -0.16125    -0.12137       8     8     0
   0.54099     0.00796     0.11588    -0.16148    -0.11634       8     8     0
   0.59666     0.00796     0.09673    -0.15130    -0.09872       8     8     0
   0.66894     0.00796     0.06776    -0.12837    -0.07040       8     8     0
   0.75000     0.00796     0.03918    -0.09832    -0.04225       8     8     0
   0.83106     0.00796     0.01790    -0.06660    -0.02131       8     8     0
   0.90334     0.00796     0.00580    -0.03811    -0.00922       8     8     0
   0.95901     0.00796     0.00090    -0.01617    -0.00429       8     8     0
   0.99204     0.00796    -0.00014    -0.00314    -0.00323       8     8     0
   1.00000     0.00796    -0.00013    -0.00005    -0.00322       8     8     0
   0.50000     0.04099     0.11993    -0.16046    -0.11110       8     8     0
   0.50796     0.04099     0.11785    -0.15999    -0.11121       8     8     0
   0.54099     0.04099     0.10680    -0.15512    -0.10829       8     8     0
   0.59666     0.04099     0.08467    -0.14035    -0.09515       8     8     0
   0.66894     0.04099     0.05745    -0.11672    -0.07257       8     8     0
   0.75000     0.04099     0.03264    -0.08890    -0.04888       8     8     0
   0.83106     0.04099     0.01448    -0.06024    -0.03080       8     8     0
   0.90334     0.04099     0.00424    -0.03444    -0.02054       8     8     0
   0.95901     0.04099    -0.00004    -0.01455    -0.01639       8     8     0
   0.99204     0.04099    -0.00094    -0.00283    -0.01548       8     8     0
   1.00000     0.04099    -0.00091    -0.00008    -0.01548       8     8     0
   0.50000     0.09666     0.11962    -0.16594    -0.09559       8     8     0
   0.50796     0.09666     0.11547    -0.16318    -0.09685       8     8     0
   0.54099     0.09666     0.09720    -0.15005    -0.09883       8     8     0
   0.59666     0.09666     0.06907    -0.12740    -0.09304       8     8     0
   0.66894     0.09666     0.04252    -0.10206    -0.07785       8     8     0
   0.75000     0.09666     0.02146    -0.07638    -0.06065       8     8     0
   0.83106     0.09666     0.00625    -0.05117    -0.04693       8     8     0
   0.90334     0.09666    -0.00173    -0.02930    -0.03881       8     8     0
   0.95901     0.09666    -0.00491    -0.01231    -0.03565       8     8     0
   0.99204     0.09666    -0.00548    -0.00242    -0.03496       8     8     0
   1.00000     0.09666    -0.00532    -0.00020    -0.03492       8     8     0
   0.50000     0.16894     0.13518    -0.18719    -0.07416       8     8     0
   0.50796     0.16894     0.12818    -0.18201    -0.07737       8     8     0
   0.54099     0.16894     0.09843    -0.15838    -0.08814       8     8     0
   0.59666     0.16894     0.05602    -0.12144    -0.09550       8     8     0
   0.66894     0.16894     0.02319    -0.08873    -0.09013       8     8     0
   0.75000     0.16894     0.00469    -0.06414    -0.07772       8     8     0
   0.83106     0.16894    -0.00669    -0.04235    -0.06715       8     8     0
   0.90334     0.16894    -0.01262    -0.02433    -0.06089       8     8     0
   0.95901     0.16894    -0.01526    -0.01027    -0.05852       8     8     0
   0.99204     0.16894    -0.01568    -0.00204    -0.05801       8     8     0
   1.00000     0.16894    -0.01540    -0.00033    -0.05791       8     8     0
   0.50000     0.25000     0.18493    -0.23402    -0.03942       8     8     0
   0.50796     0.25000     0.17507    -0.22748    -0.04514       8     8     0
   0.54099     0.25000     0.12959    -0.19442    -0.06831       8     8     0
   0.59666     0.25000     0.05822    -0.13563    -0.09717       8     8     0
   0.66894     0.25000     0.00292    -0.08308    -0.10948       8     8     0
   0.75000     0.25000    -0.02052    -0.05374    -0.10382       8     8     0
   0.83106     0.25000    -0.02997    -0.03403    -0.09532       8     8     0
   0.90334     0.25000    -0.03336    -0.01935    -0.08950       8     8     0
   0.95901     0.25000    -0.03499    -0.00817    -0.08707       8     8     0
   0.99204     0.25000    -0.03534    -0.00161    -0.08649       8     8     0
   1.00000     0.25000    -0.03487    -0.00049    -0.08625       8     8     0
   0.50000     0.33106     0.29224    -0.29278     0.00641       8     8     0
   0.50796     0.33106     0.28152    -0.29004     0.00130       8     8     0
   0.54099     0.33106     0.22388    -0.26348    -0.02671       8     8     0
   0.59666     0.33106     0.10685    -0.18716    -0.08279       8     8     0
   0.66894     0.33106    -0.00768    -0.09636    -0.13195       8     8     0
   0.75000     0.33106    -0.05582    -0.04632    -0.14194       8     8     0
   0.83106     0.33106    -0.06543    -0.02628    -0.13348       8     8     0
   0.90334     0.33106    -0.06740    -0.01406    -0.12690       8     8     0
   0.95901     0.33106    -0.06678    -0.00604    -0.12389       8     8     0
   0.99204     0.33106    -0.06691    -0.00106    -0.12345       8     8     0
   1.00000     0.33106    -0.06690     0.00012    -0.12343       8     8     0
   0.50000     0.40334     0.45667    -0.30056     0.00965       8     8     0
   0.50796     0.40334     0.44986    -0.30848     0.01308       8     8     0
   0.54099     0.40334     0.39949    -0.32067     0.01252       8     8     0
   0.59666     0.40334     0.24937    -0.27114    -0.03758       8     8     0
   0.66894     0.40334     0.03803    -0.14923    -0.13184       8     8     0
   0.75000     0.40334    -0.09308    -0.05079    -0.18901       8     8     0
   0.83106     0.40334    -0.12104    -0.01719    -0.19058       8     8     0
   0.90334     0.40334    -0.12055    -0.00707    -0.18102       8     8     0
   0.95901     0.40334    -0.11764    -0.00326    -0.17565       8     8     0
   0.99204     0.40334    -0.11746    -0.00045    -0.17478       8     8     0
   1.00000     0.40334    -0.11862     0.00133    -0.17544       8     8     0
   0.50000     0.45901     0.61126    -0.23502    -0.05846       8     8     0
   0.50796     0.45901     0.61323    -0.25189    -0.04490       8     8     0
   0.54099     0.45901     0.59346    -0.30867    -0.00075       8     8     0
   0.59666     0.45901     0.45636    -0.32981     0.00627       8     8     0
   0.66894     0.45901     0.17231    -0.23008    -0.09023       8     8     0
   0.75000     0.45901    -0.08381    -0.08477    -0.20992       8     8     0
   0.83106     0.45901    -0.17868    -0.01488    -0.25169       8     8     0
   0.90334     0.45901    -0.18911    -0.00001    -0.24880       8     8     0
   0.95901     0.45901    -0.18681     0.00075    -0.24296       8     8     0
   0.99204     0.45901    -0.18614     0.00019    -0.24132       8     8     0
   1.00000     0.45901    -0.18737     0.00126    -0.24216       8     8     0
   0.50000     0.49204     0.68924    -0.16708    -0.12963       8     8     0
   0.50796     0.49204     0.69946    -0.18638    -0.11188       8     8     0
   0.54099     0.49204     0.71320    -0.26263    -0.04341       8     8     0
   0.59666     0.49204     0.61482    -0.33811     0.01724       8     8     0
   0.66894     0.49204     0.31355    -0.28752    -0.04416       8     8     0
   0.75000     0.49204    -0.03061    -0.12912    -0.19567       8     8     0
   0.83106     0.49204    -0.20221    -0.02416    -0.28310       8     8     0
   0.90334     0.49204    -0.23844     0.00210    -0.29697       8     8     0
   0.95901     0.49204    -0.24105     0.00317    -0.29499       8     8     0
   0.99204     0.49204    -0.24029     0.00055    -0.29362       8     8     0
   1.00000     0.49204    -0.24081     0.00036    -0.29404       8     8     0
   0.50000     0.50000     0.70325    -0.14938    -0.14821       8     8     0
   0.50796     0.50000     0.71577    -0.16875    -0.12997       8     8     0
   0.54099     0.50000     0.73969    -0.24753    -0.05763       8     8     0
   0.59666     0.50000     0.65519    -0.33521     0.01615       8     8     0
   0.66894     0.50000     0.35469    -0.30060    -0.03155       8     8     0
   0.75000     0.50000    -0.00978    -0.14297    -0.18751       8     8     0
   0.83106     0.50000    -0.20388    -0.02868    -0.28811       8     8     0
   0.90334     0.50000    -0.24985     0.00185    -0.30817       8     8     0
   0.95901     0.50000    -0.25472     0.00350    -0.30797       8     8     0
   0.99204     0.50000    -0.25408     0.00060    -0.30691       8     8     0
   1.00000     0.50000    -0.25438     0.00009    -0.30715       8     8     0
