TITLE = "MESH AND SOLUTIONS"
VARIABLES = "X", "Y", "PRESSURE", "U", "V",  "N", "M", "PROC"
ZONE T= "IEL     1",  I=11,  J=11,  SOLUTIONTIME=   1.77020,  DATAPACKING = POINT
   0.00000     0.00000     0.12525    -0.12527    -0.12527       8     8     0
   0.00796     0.00000     0.13074    -0.12795    -0.13076       8     8     0
   0.04099     0.00000     0.15163    -0.13710    -0.15164       8     8     0
   0.09666     0.00000     0.17871    -0.14343    -0.17871       8     8     0
   0.16894     0.00000     0.20050    -0.13476    -0.20052       8     8     0
   0.25000     0.00000     0.21459    -0.11026    -0.21460       8     8     0
   0.33106     0.00000     0.22095    -0.07922    -0.22086       8     8     0
   0.40334     0.00000     0.21513    -0.05147    -0.21500       8     8     0
   0.45901     0.00000     0.19933    -0.03435    -0.19926       8     8     0
   0.49204     0.00000     0.18447    -0.02716    -0.18447       8     8     0
   0.50000     0.00000     0.18022    -0.02570    -0.18025       8     8     0
   0.00000     0.00796     0.13074    -0.13076    -0.12795       8     8     0
   0.00796     0.00796     0.13592    -0.13330    -0.13330       8     8     0
   0.04099     0.00796     0.15540    -0.14172    -0.15364       8     8     0
   0.09666     0.00796     0.18018    -0.14658    -0.18014       8     8     0
   0.16894     0.00796     0.20027    -0.13657    -0.20207       8     8     0
   0.25000     0.00796     0.21465    -0.11141    -0.21749       8     8     0
   0.33106     0.00796     0.22333    -0.07948    -0.22647       8     8     0
   0.40334     0.00796     0.22106    -0.05025    -0.22387       8     8     0
   0.45901     0.00796     0.20842    -0.03148    -0.21047       8     8     0
   0.49204     0.00796     0.19523    -0.02322    -0.19672       8     8     0
   0.50000     0.00796     0.19133    -0.02152    -0.19269       8     8     0
   0.00000     0.04099     0.15163    -0.15164    -0.13710       8     8     0
   0.00796     0.04099     0.15540    -0.15364    -0.14172       8     8     0
   0.04099     0.04099     0.16861    -0.15931    -0.15931       8     8     0
   0.09666     0.04099     0.18300    -0.15894    -0.18262       8     8     0
   0.16894     0.04099     0.19443    -0.14455    -0.20347       8     8     0
   0.25000     0.04099     0.20788    -0.11794    -0.22222       8     8     0
   0.33106     0.04099     0.22444    -0.08380    -0.24055       8     8     0
   0.40334     0.04099     0.23715    -0.04909    -0.25172       8     8     0
   0.45901     0.04099     0.23986    -0.02326    -0.25074       8     8     0
   0.49204     0.04099     0.23576    -0.00991    -0.24382       8     8     0
   0.50000     0.04099     0.23391    -0.00699    -0.24127       8     8     0
   0.00000     0.09666     0.17871    -0.17871    -0.14343       8     8     0
   0.00796     0.09666     0.18018    -0.18014    -0.14658       8     8     0
   0.04099     0.09666     0.18300    -0.18262    -0.15894       8     8     0
   0.09666     0.09666     0.17931    -0.17582    -0.17582       8     8     0
   0.16894     0.09666     0.17261    -0.15678    -0.19116       8     8     0
   0.25000     0.09666     0.17618    -0.13153    -0.20726       8     8     0
   0.33106     0.09666     0.19448    -0.10010    -0.23050       8     8     0
   0.40334     0.09666     0.22298    -0.06329    -0.25795       8     8     0
   0.45901     0.09666     0.24954    -0.02936    -0.27922       8     8     0
   0.49204     0.09666     0.26404    -0.00775    -0.28895       8     8     0
   0.50000     0.09666     0.26709    -0.00253    -0.29066       8     8     0
   0.00000     0.16894     0.20050    -0.20052    -0.13476       8     8     0
   0.00796     0.16894     0.20027    -0.20207    -0.13657       8     8     0
   0.04099     0.16894     0.19443    -0.20347    -0.14455       8     8     0
   0.09666     0.16894     0.17261    -0.19116    -0.15678       8     8     0
   0.16894     0.16894     0.14312    -0.16635    -0.16635       8     8     0
   0.25000     0.16894     0.12690    -0.14379    -0.17290       8     8     0
   0.33106     0.16894     0.12939    -0.12267    -0.18597       8     8     0
   0.40334     0.16894     0.14956    -0.09659    -0.21046       8     8     0
   0.45901     0.16894     0.18073    -0.06783    -0.24041       8     8     0
   0.49204     0.16894     0.20593    -0.04569    -0.26270       8     8     0
   0.50000     0.16894     0.21267    -0.03971    -0.26842       8     8     0
   0.00000     0.25000     0.21459    -0.21460    -0.11026       8     8     0
   0.00796     0.25000     0.21465    -0.21749    -0.11141       8     8     0
   0.04099     0.25000     0.20788    -0.22222    -0.11794       8     8     0
   0.09666     0.25000     0.17618    -0.20726    -0.13153       8     8     0
   0.16894     0.25000     0.12690    -0.17290    -0.14379       8     8     0
   0.25000     0.25000     0.09107    -0.14667    -0.14667       8     8     0
   0.33106     0.25000     0.07377    -0.13309    -0.14666       8     8     0
   0.40334     0.25000     0.06920    -0.12193    -0.15275       8     8     0
   0.45901     0.25000     0.07791    -0.11068    -0.16676       8     8     0
   0.49204     0.25000     0.09009    -0.10018    -0.18122       8     8     0
   0.50000     0.25000     0.09380    -0.09678    -0.18553       8     8     0
   0.00000     0.33106     0.22095    -0.22086    -0.07922       8     8     0
   0.00796     0.33106     0.22333    -0.22647    -0.07948       8     8     0
   0.04099     0.33106     0.22444    -0.24055    -0.08380       8     8     0
   0.09666     0.33106     0.19448    -0.23050    -0.10010       8     8     0
   0.16894     0.33106     0.12939    -0.18597    -0.12267       8     8     0
   0.25000     0.33106     0.07377    -0.14666    -0.13309       8     8     0
   0.33106     0.33106     0.04520    -0.13123    -0.13123       8     8     0
   0.40334     0.33106     0.02820    -0.12575    -0.12836       8     8     0
   0.45901     0.33106     0.01896    -0.12459    -0.12775       8     8     0
   0.49204     0.33106     0.01512    -0.12365    -0.12950       8     8     0
   0.50000     0.33106     0.01408    -0.12283    -0.13048       8     8     0
   0.00000     0.40334     0.21513    -0.21500    -0.05147       8     8     0
   0.00796     0.40334     0.22106    -0.22387    -0.05025       8     8     0
   0.04099     0.40334     0.23715    -0.25172    -0.04909       8     8     0
   0.09666     0.40334     0.22298    -0.25795    -0.06329       8     8     0
   0.16894     0.40334     0.14956    -0.21046    -0.09659       8     8     0
   0.25000     0.40334     0.06920    -0.15275    -0.12193       8     8     0
   0.33106     0.40334     0.02820    -0.12836    -0.12575       8     8     0
   0.40334     0.40334     0.00637    -0.12164    -0.12164       8     8     0
   0.45901     0.40334    -0.00759    -0.12177    -0.11718       8     8     0
   0.49204     0.40334    -0.01529    -0.12364    -0.11519       8     8     0
   0.50000     0.40334    -0.01783    -0.12356    -0.11520       8     8     0
   0.00000     0.45901     0.19933    -0.19926    -0.03435       8     8     0
   0.00796     0.45901     0.20842    -0.21047    -0.03148       8     8     0
   0.04099     0.45901     0.23986    -0.25074    -0.02326       8     8     0
   0.09666     0.45901     0.24954    -0.27922    -0.02936       8     8     0
   0.16894     0.45901     0.18073    -0.24041    -0.06783       8     8     0
   0.25000     0.45901     0.07791    -0.16676    -0.11068       8     8     0
   0.33106     0.45901     0.01896    -0.12775    -0.12459       8     8     0
   0.40334     0.45901    -0.00759    -0.11718    -0.12177       8     8     0
   0.45901     0.45901    -0.02227    -0.11723    -0.11723       8     8     0
   0.49204     0.45901    -0.03016    -0.11982    -0.11435       8     8     0
   0.50000     0.45901    -0.03295    -0.11986    -0.11395       8     8     0
   0.00000     0.49204     0.18447    -0.18447    -0.02716       8     8     0
   0.00796     0.49204     0.19523    -0.19672    -0.02322       8     8     0
   0.04099     0.49204     0.23576    -0.24382    -0.00991       8     8     0
   0.09666     0.49204     0.26404    -0.28895    -0.00775       8     8     0
   0.16894     0.49204     0.20593    -0.26270    -0.04569       8     8     0
   0.25000     0.49204     0.09009    -0.18122    -0.10018       8     8     0
   0.33106     0.49204     0.01512    -0.12950    -0.12365       8     8     0
   0.40334     0.49204    -0.01529    -0.11519    -0.12364       8     8     0
   0.45901     0.49204    -0.03016    -0.11435    -0.11982       8     8     0
   0.49204     0.49204    -0.03801    -0.11657    -0.11657       8     8     0
   0.50000     0.49204    -0.04060    -0.11674    -0.11592       8     8     0
   0.00000     0.50000     0.18022    -0.18025    -0.02570       8     8     0
   0.00796     0.50000     0.19133    -0.19269    -0.02152       8     8     0
   0.04099     0.50000     0.23391    -0.24127    -0.00699       8     8     0
   0.09666     0.50000     0.26709    -0.29066    -0.00253       8     8     0
   0.16894     0.50000     0.21267    -0.26842    -0.03971       8     8     0
   0.25000     0.50000     0.09380    -0.18553    -0.09678       8     8     0
   0.33106     0.50000     0.01408    -0.13048    -0.12283       8     8     0
   0.40334     0.50000    -0.01783    -0.11520    -0.12356       8     8     0
   0.45901     0.50000    -0.03295    -0.11395    -0.11986       8     8     0
   0.49204     0.50000    -0.04060    -0.11592    -0.11674       8     8     0
   0.50000     0.50000    -0.04297    -0.11614    -0.11614       8     8     0
ZONE T= "IEL     2",  I=11,  J=11,  SOLUTIONTIME=   1.77020,  DATAPACKING = POINT
   0.00000     0.50000     0.18037    -0.18038    -0.02571       8     8     0
   0.00796     0.50000     0.19149    -0.19281    -0.02152       8     8     0
   0.04099     0.50000     0.23414    -0.24140    -0.00691       8     8     0
   0.09666     0.50000     0.26696    -0.29057    -0.00279       8     8     0
   0.16894     0.50000     0.21242    -0.26814    -0.04016       8     8     0
   0.25000     0.50000     0.09507    -0.18611    -0.09621       8     8     0
   0.33106     0.50000     0.01527    -0.13090    -0.12294       8     8     0
   0.40334     0.50000    -0.01878    -0.11381    -0.12614       8     8     0
   0.45901     0.50000    -0.03419    -0.11230    -0.12259       8     8     0
   0.49204     0.50000    -0.04133    -0.11485    -0.11834       8     8     0
   0.50000     0.50000    -0.04370    -0.11513    -0.11746       8     8     0
   0.00000     0.50796     0.17589    -0.17595    -0.02458       8     8     0
   0.00796     0.50796     0.18733    -0.18851    -0.02015       8     8     0
   0.04099     0.50796     0.23188    -0.23841    -0.00436       8     8     0
   0.09666     0.50796     0.27005    -0.29222     0.00255       8     8     0
   0.16894     0.50796     0.21975    -0.27431    -0.03373       8     8     0
   0.25000     0.50796     0.09861    -0.19017    -0.09372       8     8     0
   0.33106     0.50796     0.01461    -0.13136    -0.12302       8     8     0
   0.40334     0.50796    -0.01883    -0.11442    -0.12512       8     8     0
   0.45901     0.50796    -0.03449    -0.11276    -0.12174       8     8     0
   0.49204     0.50796    -0.04244    -0.11481    -0.11829       8     8     0
   0.50000     0.50796    -0.04481    -0.11517    -0.11748       8     8     0
   0.00000     0.54099     0.15560    -0.15579    -0.02117       8     8     0
   0.00796     0.54099     0.16798    -0.16856    -0.01587       8     8     0
   0.04099     0.54099     0.21920    -0.22274     0.00478       8     8     0
   0.09666     0.54099     0.27867    -0.29465     0.02294       8     8     0
   0.16894     0.54099     0.25114    -0.29943    -0.00578       8     8     0
   0.25000     0.54099     0.12230    -0.21363    -0.07624       8     8     0
   0.33106     0.54099     0.01585    -0.13772    -0.12141       8     8     0
   0.40334     0.54099    -0.02556    -0.11369    -0.12889       8     8     0
   0.45901     0.54099    -0.04298    -0.10987    -0.12538       8     8     0
   0.49204     0.54099    -0.05122    -0.11131    -0.12132       8     8     0
   0.50000     0.54099    -0.05292    -0.11223    -0.12019       8     8     0
   0.00000     0.59666     0.11642    -0.11683    -0.02037       8     8     0
   0.00796     0.59666     0.12876    -0.12856    -0.01433       8     8     0
   0.04099     0.59666     0.18462    -0.18405     0.01177       8     8     0
   0.09666     0.59666     0.27651    -0.28183     0.04976       8     8     0
   0.16894     0.59666     0.30427    -0.33728     0.04677       8     8     0
   0.25000     0.59666     0.18465    -0.26895    -0.03063       8     8     0
   0.33106     0.59666     0.03512    -0.16338    -0.10951       8     8     0
   0.40334     0.59666    -0.03644    -0.11561    -0.13542       8     8     0
   0.45901     0.59666    -0.06125    -0.10437    -0.13673       8     8     0
   0.49204     0.59666    -0.06771    -0.10569    -0.13475       8     8     0
   0.50000     0.59666    -0.06730    -0.10807    -0.13362       8     8     0
   0.00000     0.66894     0.06784    -0.06790    -0.02403       8     8     0
   0.00796     0.66894     0.07691    -0.07643    -0.01894       8     8     0
   0.04099     0.66894     0.12367    -0.12151     0.00595       8     8     0
   0.09666     0.66894     0.23182    -0.22789     0.06059       8     8     0
   0.16894     0.66894     0.34651    -0.35491     0.10909       8     8     0
   0.25000     0.66894     0.30253    -0.36055     0.06105       8     8     0
   0.33106     0.66894     0.11182    -0.23692    -0.05941       8     8     0
   0.40334     0.66894    -0.02721    -0.14032    -0.13592       8     8     0
   0.45901     0.66894    -0.07206    -0.11158    -0.16092       8     8     0
   0.49204     0.66894    -0.07665    -0.11208    -0.17001       8     8     0
   0.50000     0.66894    -0.07400    -0.11546    -0.17128       8     8     0
   0.00000     0.75000     0.02996    -0.02940    -0.02583       8     8     0
   0.00796     0.75000     0.03404    -0.03409    -0.02312       8     8     0
   0.04099     0.75000     0.06004    -0.06026    -0.00674       8     8     0
   0.09666     0.75000     0.14146    -0.13822     0.04051       8     8     0
   0.16894     0.75000     0.30825    -0.29846     0.13039       8     8     0
   0.25000     0.75000     0.42151    -0.43185     0.17666       8     8     0
   0.33106     0.75000     0.30111    -0.38429     0.07586       8     8     0
   0.40334     0.75000     0.08991    -0.24907    -0.08502       8     8     0
   0.45901     0.75000    -0.00903    -0.18398    -0.19455       8     8     0
   0.49204     0.75000    -0.01410    -0.18295    -0.25408       8     8     0
   0.50000     0.75000    -0.00882    -0.18711    -0.26956       8     8     0
   0.00000     0.83106     0.00967    -0.00961    -0.02159       8     8     0
   0.00796     0.83106     0.01101    -0.01177    -0.02043       8     8     0
   0.04099     0.83106     0.02115    -0.02441    -0.01270       8     8     0
   0.09666     0.83106     0.05989    -0.06448     0.01241       8     8     0
   0.16894     0.83106     0.18894    -0.18303     0.09112       8     8     0
   0.25000     0.83106     0.41220    -0.38915     0.21733       8     8     0
   0.33106     0.83106     0.52128    -0.52228     0.23799       8     8     0
   0.40334     0.83106     0.42517    -0.49469     0.05962       8     8     0
   0.45901     0.83106     0.33608    -0.45344    -0.18586       8     8     0
   0.49204     0.83106     0.33370    -0.46129    -0.35399       8     8     0
   0.50000     0.83106     0.33915    -0.46690    -0.39643       8     8     0
   0.00000     0.90334     0.00203    -0.00238    -0.01390       8     8     0
   0.00796     0.90334     0.00263    -0.00370    -0.01319       8     8     0
   0.04099     0.90334     0.00575    -0.01077    -0.01073       8     8     0
   0.09666     0.90334     0.01954    -0.03009     0.00012       8     8     0
   0.16894     0.90334     0.08463    -0.09245     0.04141       8     8     0
   0.25000     0.90334     0.29157    -0.27077     0.15530       8     8     0
   0.33106     0.90334     0.61159    -0.54753     0.26086       8     8     0
   0.40334     0.90334     0.84880    -0.77073     0.15232       8     8     0
   0.45901     0.90334     0.93539    -0.87513    -0.12514       8     8     0
   0.49204     0.90334     0.94559    -0.90701    -0.33513       8     8     0
   0.50000     0.90334     0.94314    -0.91123    -0.38523       8     8     0
   0.00000     0.95901     0.00065    -0.00071    -0.00629       8     8     0
   0.00796     0.95901     0.00089    -0.00200    -0.00592       8     8     0
   0.04099     0.95901     0.00091    -0.00685    -0.00544       8     8     0
   0.09666     0.95901     0.00610    -0.01885    -0.00101       8     8     0
   0.16894     0.95901     0.04067    -0.05623     0.01430       8     8     0
   0.25000     0.95901     0.20058    -0.19156     0.06927       8     8     0
   0.33106     0.95901     0.60973    -0.52074     0.14107       8     8     0
   0.40334     0.95901     1.10495    -0.92765     0.09867       8     8     0
   0.45901     0.95901     1.35418    -1.15871    -0.05626       8     8     0
   0.49204     0.95901     1.37090    -1.20663    -0.17704       8     8     0
   0.50000     0.95901     1.35941    -1.20781    -0.20502       8     8     0
   0.00000     0.99204     0.00058    -0.00051    -0.00123       8     8     0
   0.00796     0.99204     0.00071    -0.00183    -0.00115       8     8     0
   0.04099     0.99204    -0.00004    -0.00614    -0.00108       8     8     0
   0.09666     0.99204     0.00340    -0.01661    -0.00026       8     8     0
   0.16894     0.99204     0.03156    -0.04885     0.00258       8     8     0
   0.25000     0.99204     0.17763    -0.17215     0.01361       8     8     0
   0.33106     0.99204     0.60488    -0.51109     0.02884       8     8     0
   0.40334     0.99204     1.16659    -0.96463     0.02081       8     8     0
   0.45901     0.99204     1.45989    -1.22949    -0.01102       8     8     0
   0.49204     0.99204     1.47843    -1.28163    -0.03603       8     8     0
   0.50000     0.99204     1.46450    -1.28195    -0.04181       8     8     0
   0.00000     1.00000     0.00054    -0.00047     0.00003       8     8     0
   0.00796     1.00000     0.00067    -0.00178     0.00004       8     8     0
   0.04099     1.00000    -0.00007    -0.00610    -0.00000       8     8     0
   0.09666     1.00000     0.00333    -0.01653    -0.00001       8     8     0
   0.16894     1.00000     0.03128    -0.04863    -0.00005       8     8     0
   0.25000     1.00000     0.17683    -0.17148    -0.00023       8     8     0
   0.33106     1.00000     0.60403    -0.51029     0.00053       8     8     0
   0.40334     1.00000     1.16799    -0.96535     0.00135       8     8     0
   0.45901     1.00000     1.46458    -1.23255     0.00001       8     8     0
   0.49204     1.00000     1.48462    -1.28574    -0.00156       8     8     0
   0.50000     1.00000     1.47084    -1.28616    -0.00186       8     8     0
ZONE T= "IEL     3",  I=11,  J=11,  SOLUTIONTIME=   1.77020,  DATAPACKING = POINT
   0.50000     0.50000    -0.04416    -0.11646    -0.11646       8     8     0
   0.50796     0.50000    -0.04526    -0.11683    -0.11598       8     8     0
   0.54099     0.50000    -0.05292    -0.12050    -0.11115       8     8     0
   0.59666     0.50000    -0.06718    -0.13529    -0.10459       8     8     0
   0.66894     0.50000    -0.07350    -0.17315    -0.11229       8     8     0
   0.75000     0.50000    -0.00675    -0.26882    -0.18758       8     8     0
   0.83106     0.50000     0.34055    -0.39508    -0.46883       8     8     0
   0.90334     0.50000     0.94259    -0.38627    -0.91139       8     8     0
   0.95901     0.50000     1.35801    -0.20639    -1.20612       8     8     0
   0.99204     0.50000     1.46293    -0.04211    -1.27977       8     8     0
   1.00000     0.50000     1.46929    -0.00189    -1.28405       8     8     0
   0.50000     0.50796    -0.04526    -0.11598    -0.11683       8     8     0
   0.50796     0.50796    -0.04684    -0.11646    -0.11646       8     8     0
   0.54099     0.50796    -0.05546    -0.11954    -0.11269       8     8     0
   0.59666     0.50796    -0.06963    -0.13429    -0.10763       8     8     0
   0.66894     0.50796    -0.07304    -0.17493    -0.11664       8     8     0
   0.75000     0.50796     0.00180    -0.28366    -0.19551       8     8     0
   0.83106     0.50796     0.35133    -0.43636    -0.47799       8     8     0
   0.90334     0.50796     0.93856    -0.43662    -0.91366       8     8     0
   0.95901     0.50796     1.33779    -0.23496    -1.20083       8     8     0
   0.99204     0.50796     1.43833    -0.04803    -1.27245       8     8     0
   1.00000     0.50796     1.44480    -0.00225    -1.27677       8     8     0
   0.50000     0.54099    -0.05292    -0.11115    -0.12050       8     8     0
   0.50796     0.54099    -0.05546    -0.11269    -0.11954       8     8     0
   0.54099     0.54099    -0.06349    -0.11616    -0.11616       8     8     0
   0.59666     0.54099    -0.07052    -0.13465    -0.11567       8     8     0
   0.66894     0.54099    -0.05325    -0.19076    -0.13824       8     8     0
   0.75000     0.54099     0.07061    -0.35294    -0.24951       8     8     0
   0.83106     0.54099     0.42288    -0.60050    -0.53765       8     8     0
   0.90334     0.54099     0.89802    -0.62483    -0.90942       8     8     0
   0.95901     0.54099     1.18656    -0.33944    -1.13221       8     8     0
   0.99204     0.54099     1.25735    -0.06957    -1.18653       8     8     0
   1.00000     0.54099     1.26330    -0.00326    -1.19050       8     8     0
   0.50000     0.59666    -0.06718    -0.10459    -0.13529       8     8     0
   0.50796     0.59666    -0.06963    -0.10763    -0.13429       8     8     0
   0.54099     0.59666    -0.07052    -0.11567    -0.13465       8     8     0
   0.59666     0.59666    -0.05288    -0.14791    -0.14791       8     8     0
   0.66894     0.59666     0.03440    -0.25081    -0.21587       8     8     0
   0.75000     0.59666     0.28592    -0.50637    -0.41301       8     8     0
   0.83106     0.59666     0.59778    -0.82193    -0.67730       8     8     0
   0.90334     0.59666     0.73684    -0.80479    -0.83546       8     8     0
   0.95901     0.59666     0.73570    -0.42474    -0.87586       8     8     0
   0.99204     0.59666     0.72998    -0.08656    -0.88216       8     8     0
   1.00000     0.59666     0.73140    -0.00225    -0.88307       8     8     0
   0.50000     0.66894    -0.07350    -0.11229    -0.17315       8     8     0
   0.50796     0.66894    -0.07304    -0.11664    -0.17493       8     8     0
   0.54099     0.66894    -0.05325    -0.13824    -0.19076       8     8     0
   0.59666     0.66894     0.03440    -0.21587    -0.25081       8     8     0
   0.66894     0.66894     0.27394    -0.42175    -0.42175       8     8     0
   0.75000     0.66894     0.62370    -0.73446    -0.68054       8     8     0
   0.83106     0.66894     0.69709    -0.90862    -0.77750       8     8     0
   0.90334     0.66894     0.35984    -0.72679    -0.62474       8     8     0
   0.95901     0.66894     0.05027    -0.35157    -0.47182       8     8     0
   0.99204     0.66894    -0.03246    -0.07011    -0.43047       8     8     0
   1.00000     0.66894    -0.03720     0.00108    -0.42747       8     8     0
   0.50000     0.75000    -0.00675    -0.18758    -0.26882       8     8     0
   0.50796     0.75000     0.00180    -0.19551    -0.28366       8     8     0
   0.54099     0.75000     0.07061    -0.24951    -0.35294       8     8     0
   0.59666     0.75000     0.28592    -0.41301    -0.50637       8     8     0
   0.66894     0.75000     0.62370    -0.68054    -0.73446       8     8     0
   0.75000     0.75000     0.77464    -0.84119    -0.84119       8     8     0
   0.83106     0.75000     0.44392    -0.70877    -0.65301       8     8     0
   0.90334     0.75000    -0.13179    -0.41492    -0.35140       8     8     0
   0.95901     0.75000    -0.49450    -0.17040    -0.17737       8     8     0
   0.99204     0.75000    -0.58368    -0.03271    -0.13562       8     8     0
   1.00000     0.75000    -0.58762     0.00039    -0.13396       8     8     0
   0.50000     0.83106     0.34055    -0.46883    -0.39508       8     8     0
   0.50796     0.83106     0.35133    -0.47799    -0.43636       8     8     0
   0.54099     0.83106     0.42288    -0.53765    -0.60050       8     8     0
   0.59666     0.83106     0.59778    -0.67730    -0.82193       8     8     0
   0.66894     0.83106     0.69709    -0.77750    -0.90862       8     8     0
   0.75000     0.83106     0.44392    -0.65301    -0.70877       8     8     0
   0.83106     0.83106    -0.07337    -0.37509    -0.37509       8     8     0
   0.90334     0.83106    -0.55381    -0.15373    -0.14500       8     8     0
   0.95901     0.83106    -0.81235    -0.04683    -0.05105       8     8     0
   0.99204     0.83106    -0.87198    -0.00879    -0.03160       8     8     0
   1.00000     0.83106    -0.87258    -0.00221    -0.03215       8     8     0
   0.50000     0.90334     0.94259    -0.91139    -0.38627       8     8     0
   0.50796     0.90334     0.93856    -0.91366    -0.43662       8     8     0
   0.54099     0.90334     0.89802    -0.90942    -0.62483       8     8     0
   0.59666     0.90334     0.73684    -0.83546    -0.80479       8     8     0
   0.66894     0.90334     0.35984    -0.62474    -0.72679       8     8     0
   0.75000     0.90334    -0.13179    -0.35140    -0.41492       8     8     0
   0.83106     0.90334    -0.55381    -0.14500    -0.15373       8     8     0
   0.90334     0.90334    -0.88872    -0.02988    -0.02988       8     8     0
   0.95901     0.90334    -1.08023     0.00374     0.01578       8     8     0
   0.99204     0.90334    -1.12567     0.00105     0.02464       8     8     0
   1.00000     0.90334    -1.12820     0.00029     0.02549       8     8     0
   0.50000     0.95901     1.35801    -1.20612    -0.20639       8     8     0
   0.50796     0.95901     1.33779    -1.20083    -0.23496       8     8     0
   0.54099     0.95901     1.18656    -1.13221    -0.33944       8     8     0
   0.59666     0.95901     0.73570    -0.87586    -0.42474       8     8     0
   0.66894     0.95901     0.05027    -0.47182    -0.35157       8     8     0
   0.75000     0.95901    -0.49450    -0.17737    -0.17040       8     8     0
   0.83106     0.95901    -0.81235    -0.05105    -0.04683       8     8     0
   0.90334     0.95901    -1.08023     0.01578     0.00374       8     8     0
   0.95901     0.95901    -1.24492     0.02172     0.02172       8     8     0
   0.99204     0.95901    -1.28615     0.00500     0.02518       8     8     0
   1.00000     0.95901    -1.29099     0.00320     0.02614       8     8     0
   0.50000     0.99204     1.46293    -1.27977    -0.04211       8     8     0
   0.50796     0.99204     1.43833    -1.27245    -0.04803       8     8     0
   0.54099     0.99204     1.25735    -1.18653    -0.06957       8     8     0
   0.59666     0.99204     0.72998    -0.88216    -0.08656       8     8     0
   0.66894     0.99204    -0.03246    -0.43047    -0.07011       8     8     0
   0.75000     0.99204    -0.58368    -0.13562    -0.03271       8     8     0
   0.83106     0.99204    -0.87198    -0.03160    -0.00879       8     8     0
   0.90334     0.99204    -1.12567     0.02464     0.00105       8     8     0
   0.95901     0.99204    -1.28615     0.02518     0.00500       8     8     0
   0.99204     0.99204    -1.32706     0.00581     0.00581       8     8     0
   1.00000     0.99204    -1.33256     0.00400     0.00604       8     8     0
   0.50000     1.00000     1.46929    -1.28405    -0.00189       8     8     0
   0.50796     1.00000     1.44480    -1.27677    -0.00225       8     8     0
   0.54099     1.00000     1.26330    -1.19050    -0.00326       8     8     0
   0.59666     1.00000     0.73140    -0.88307    -0.00225       8     8     0
   0.66894     1.00000    -0.03720    -0.42747     0.00108       8     8     0
   0.75000     1.00000    -0.58762    -0.13396     0.00039       8     8     0
   0.83106     1.00000    -0.87258    -0.03215    -0.00221       8     8     0
   0.90334     1.00000    -1.12820     0.02549     0.00029       8     8     0
   0.95901     1.00000    -1.29099     0.02614     0.00320       8     8     0
   0.99204     1.00000    -1.33256     0.00604     0.00400       8     8     0
   1.00000     1.00000    -1.33832     0.00425     0.00425       8     8     0
ZONE T= "IEL     4",  I=11,  J=11,  SOLUTIONTIME=   1.77020,  DATAPACKING = POINT
   0.50000     0.00000     0.18037    -0.02571    -0.18038       8     8     0
   0.50796     0.00000     0.17589    -0.02458    -0.17595       8     8     0
   0.54099     0.00000     0.15560    -0.02117    -0.15579       8     8     0
   0.59666     0.00000     0.11642    -0.02037    -0.11683       8     8     0
   0.66894     0.00000     0.06784    -0.02403    -0.06790       8     8     0
   0.75000     0.00000     0.02996    -0.02583    -0.02940       8     8     0
   0.83106     0.00000     0.00967    -0.02159    -0.00961       8     8     0
   0.90334     0.00000     0.00203    -0.01390    -0.00238       8     8     0
   0.95901     0.00000     0.00065    -0.00629    -0.00071       8     8     0
   0.99204     0.00000     0.00058    -0.00123    -0.00051       8     8     0
   1.00000     0.00000     0.00054     0.00003    -0.00047       8     8     0
   0.50000     0.00796     0.19149    -0.02152    -0.19281       8     8     0
   0.50796     0.00796     0.18733    -0.02015    -0.18851       8     8     0
   0.54099     0.00796     0.16798    -0.01587    -0.16856       8     8     0
   0.59666     0.00796     0.12876    -0.01433    -0.12856       8     8     0
   0.66894     0.00796     0.07691    -0.01894    -0.07643       8     8     0
   0.75000     0.00796     0.03404    -0.02312    -0.03409       8     8     0
   0.83106     0.00796     0.01101    -0.02043    -0.01177       8     8     0
   0.90334     0.00796     0.00263    -0.01319    -0.00370       8     8     0
   0.95901     0.00796     0.00089    -0.00592    -0.00200       8     8     0
   0.99204     0.00796     0.00071    -0.00115    -0.00183       8     8     0
   1.00000     0.00796     0.00067     0.00004    -0.00178       8     8     0
   0.50000     0.04099     0.23414    -0.00691    -0.24140       8     8     0
   0.50796     0.04099     0.23188    -0.00436    -0.23841       8     8     0
   0.54099     0.04099     0.21920     0.00478    -0.22274       8     8     0
   0.59666     0.04099     0.18462     0.01177    -0.18405       8     8     0
   0.66894     0.04099     0.12367     0.00595    -0.12151       8     8     0
   0.75000     0.04099     0.06004    -0.00674    -0.06026       8     8     0
   0.83106     0.04099     0.02115    -0.01270    -0.02441       8     8     0
   0.90334     0.04099     0.00575    -0.01073    -0.01077       8     8     0
   0.95901     0.04099     0.00091    -0.00544    -0.00685       8     8     0
   0.99204     0.04099    -0.00004    -0.00108    -0.00614       8     8     0
   1.00000     0.04099    -0.00007    -0.00000    -0.00610       8     8     0
   0.50000     0.09666     0.26696    -0.00279    -0.29057       8     8     0
   0.50796     0.09666     0.27005     0.00255    -0.29222       8     8     0
   0.54099     0.09666     0.27867     0.02294    -0.29465       8     8     0
   0.59666     0.09666     0.27651     0.04976    -0.28183       8     8     0
   0.66894     0.09666     0.23182     0.06059    -0.22789       8     8     0
   0.75000     0.09666     0.14146     0.04051    -0.13822       8     8     0
   0.83106     0.09666     0.05989     0.01241    -0.06448       8     8     0
   0.90334     0.09666     0.01954     0.00012    -0.03009       8     8     0
   0.95901     0.09666     0.00610    -0.00101    -0.01885       8     8     0
   0.99204     0.09666     0.00340    -0.00026    -0.01661       8     8     0
   1.00000     0.09666     0.00333    -0.00001    -0.01653       8     8     0
   0.50000     0.16894     0.21242    -0.04016    -0.26814       8     8     0
   0.50796     0.16894     0.21975    -0.03373    -0.27431       8     8     0
   0.54099     0.16894     0.25114    -0.00578    -0.29943       8     8     0
   0.59666     0.16894     0.30427     0.04677    -0.33728       8     8     0
   0.66894     0.16894     0.34651     0.10909    -0.35491       8     8     0
   0.75000     0.16894     0.30825     0.13039    -0.29846       8     8     0
   0.83106     0.16894     0.18894     0.09112    -0.18303       8     8     0
   0.90334     0.16894     0.08463     0.04141    -0.09245       8     8     0
   0.95901     0.16894     0.04067     0.01430    -0.05623       8     8     0
   0.99204     0.16894     0.03156     0.00258    -0.04885       8     8     0
   1.00000     0.16894     0.03128    -0.00005    -0.04863       8     8     0
   0.50000     0.25000     0.09507    -0.09621    -0.18611       8     8     0
   0.50796     0.25000     0.09861    -0.09372    -0.19017       8     8     0
   0.54099     0.25000     0.12230    -0.07624    -0.21363       8     8     0
   0.59666     0.25000     0.18465    -0.03063    -0.26895       8     8     0
   0.66894     0.25000     0.30253     0.06105    -0.36055       8     8     0
   0.75000     0.25000     0.42151     0.17666    -0.43185       8     8     0
   0.83106     0.25000     0.41220     0.21733    -0.38915       8     8     0
   0.90334     0.25000     0.29157     0.15530    -0.27077       8     8     0
   0.95901     0.25000     0.20058     0.06927    -0.19156       8     8     0
   0.99204     0.25000     0.17763     0.01361    -0.17215       8     8     0
   1.00000     0.25000     0.17683    -0.00023    -0.17148       8     8     0
   0.50000     0.33106     0.01527    -0.12294    -0.13090       8     8     0
   0.50796     0.33106     0.01461    -0.12302    -0.13136       8     8     0
   0.54099     0.33106     0.01585    -0.12141    -0.13772       8     8     0
   0.59666     0.33106     0.03512    -0.10951    -0.16338       8     8     0
   0.66894     0.33106     0.11182    -0.05941    -0.23692       8     8     0
   0.75000     0.33106     0.30111     0.07586    -0.38429       8     8     0
   0.83106     0.33106     0.52128     0.23799    -0.52228       8     8     0
   0.90334     0.33106     0.61159     0.26086    -0.54753       8     8     0
   0.95901     0.33106     0.60973     0.14107    -0.52074       8     8     0
   0.99204     0.33106     0.60488     0.02884    -0.51109       8     8     0
   1.00000     0.33106     0.60403     0.00053    -0.51029       8     8     0
   0.50000     0.40334    -0.01878    -0.12614    -0.11381       8     8     0
   0.50796     0.40334    -0.01883    -0.12512    -0.11442       8     8     0
   0.54099     0.40334    -0.02556    -0.12889    -0.11369       8     8     0
   0.59666     0.40334    -0.03644    -0.13542    -0.11561       8     8     0
   0.66894     0.40334    -0.02721    -0.13592    -0.14032       8     8     0
   0.75000     0.40334     0.08991    -0.08502    -0.24907       8     8     0
   0.83106     0.40334     0.42517     0.05962    -0.49469       8     8     0
   0.90334     0.40334     0.84880     0.15232    -0.77073       8     8     0
   0.95901     0.40334     1.10495     0.09867    -0.92765       8     8     0
   0.99204     0.40334     1.16659     0.02081    -0.96463       8     8     0
   1.00000     0.40334     1.16799     0.00135    -0.96535       8     8     0
   0.50000     0.45901    -0.03419    -0.12259    -0.11230       8     8     0
   0.50796     0.45901    -0.03449    -0.12174    -0.11276       8     8     0
   0.54099     0.45901    -0.04298    -0.12538    -0.10987       8     8     0
   0.59666     0.45901    -0.06125    -0.13673    -0.10437       8     8     0
   0.66894     0.45901    -0.07206    -0.16092    -0.11158       8     8     0
   0.75000     0.45901    -0.00903    -0.19455    -0.18398       8     8     0
   0.83106     0.45901     0.33608    -0.18586    -0.45344       8     8     0
   0.90334     0.45901     0.93539    -0.12514    -0.87513       8     8     0
   0.95901     0.45901     1.35418    -0.05626    -1.15871       8     8     0
   0.99204     0.45901     1.45989    -0.01102    -1.22949       8     8     0
   1.00000     0.45901     1.46458     0.00001    -1.23255       8     8     0
   0.50000     0.49204    -0.04133    -0.11834    -0.11485       8     8     0
   0.50796     0.49204    -0.04244    -0.11829    -0.11481       8     8     0
   0.54099     0.49204    -0.05122    -0.12132    -0.11131       8     8     0
   0.59666     0.49204    -0.06771    -0.13475    -0.10569       8     8     0
   0.66894     0.49204    -0.07665    -0.17001    -0.11208       8     8     0
   0.75000     0.49204    -0.01410    -0.25408    -0.18295       8     8     0
   0.83106     0.49204     0.33370    -0.35399    -0.46129       8     8     0
   0.90334     0.49204     0.94559    -0.33513    -0.90701       8     8     0
   0.95901     0.49204     1.37090    -0.17704    -1.20663       8     8     0
   0.99204     0.49204     1.47843    -0.03603    -1.28163       8     8     0
   1.00000     0.49204     1.48462    -0.00156    -1.28574       8     8     0
   0.50000     0.50000    -0.04370    -0.11746    -0.11513       8     8     0
   0.50796     0.50000    -0.04481    -0.11748    -0.11517       8     8     0
   0.54099     0.50000    -0.05292    -0.12019    -0.11223       8     8     0
   0.59666     0.50000    -0.06730    -0.13362    -0.10807       8     8     0
   0.66894     0.50000    -0.07400    -0.17128    -0.11546       8     8     0
   0.75000     0.50000    -0.00882    -0.26956    -0.18711       8     8     0
   0.83106     0.50000     0.33915    -0.39643    -0.46690       8     8     0
   0.90334     0.50000     0.94314    -0.38523    -0.91123       8     8     0
   0.95901     0.50000     1.35941    -0.20502    -1.20781       8     8     0
   0.99204     0.50000     1.46450    -0.04181    -1.28195       8     8     0
   1.00000     0.50000     1.47084    -0.00186    -1.28616       8     8     0
