TITLE = "MESH AND SOLUTIONS"
VARIABLES = "X", "Y", "PRESSURE", "U", "V",  "N", "M", "PROC"
ZONE T= "IEL     1",  I=11,  J=11,  SOLUTIONTIME=   0.66020,  DATAPACKING = POINT
   0.00000     0.00000     0.00001     0.00004     0.00004       8     8     0
   0.00796     0.00000     0.00000     0.00003    -0.00001       8     8     0
   0.04099     0.00000    -0.00003     0.00010    -0.00003       8     8     0
   0.09666     0.00000    -0.00000     0.00006    -0.00001       8     8     0
   0.16894     0.00000    -0.00014    -0.00012    -0.00020       8     8     0
   0.25000     0.00000     0.00021     0.00018     0.00026       8     8     0
   0.33106     0.00000     0.00061     0.00039     0.00063       8     8     0
   0.40334     0.00000    -0.00065    -0.00039    -0.00072       8     8     0
   0.45901     0.00000    -0.00117    -0.00095    -0.00139       8     8     0
   0.49204     0.00000     0.00003    -0.00032    -0.00037       8     8     0
   0.50000     0.00000     0.00053     0.00006     0.00009       8     8     0
   0.00000     0.00796     0.00000    -0.00001     0.00003       8     8     0
   0.00796     0.00796    -0.00000    -0.00001    -0.00001       8     8     0
   0.04099     0.00796    -0.00001     0.00003    -0.00002       8     8     0
   0.09666     0.00796    -0.00001     0.00001     0.00001       8     8     0
   0.16894     0.00796     0.00002    -0.00000    -0.00004       8     8     0
   0.25000     0.00796     0.00005     0.00005     0.00007       8     8     0
   0.33106     0.00796    -0.00003    -0.00004     0.00004       8     8     0
   0.40334     0.00796    -0.00006     0.00001    -0.00011       8     8     0
   0.45901     0.00796     0.00052     0.00027     0.00023       8     8     0
   0.49204     0.00796     0.00160     0.00090     0.00108       8     8     0
   0.50000     0.00796     0.00199     0.00121     0.00141       8     8     0
   0.00000     0.04099    -0.00003    -0.00003     0.00010       8     8     0
   0.00796     0.04099    -0.00001    -0.00002     0.00003       8     8     0
   0.04099     0.04099     0.00001    -0.00002    -0.00002       8     8     0
   0.09666     0.04099    -0.00001    -0.00003     0.00003       8     8     0
   0.16894     0.04099     0.00003     0.00004    -0.00001       8     8     0
   0.25000     0.04099    -0.00007    -0.00007    -0.00007       8     8     0
   0.33106     0.04099    -0.00005    -0.00002     0.00000       8     8     0
   0.40334     0.04099     0.00052     0.00039     0.00037       8     8     0
   0.45901     0.04099     0.00176     0.00112     0.00122       8     8     0
   0.49204     0.04099     0.00378     0.00262     0.00269       8     8     0
   0.50000     0.04099     0.00460     0.00328     0.00329       8     8     0
   0.00000     0.09666    -0.00000    -0.00001     0.00006       8     8     0
   0.00796     0.09666    -0.00001     0.00001     0.00001       8     8     0
   0.04099     0.09666    -0.00001     0.00003    -0.00003       8     8     0
   0.09666     0.09666    -0.00003    -0.00000    -0.00000       8     8     0
   0.16894     0.09666    -0.00002    -0.00001    -0.00003       8     8     0
   0.25000     0.09666     0.00015     0.00007     0.00008       8     8     0
   0.33106     0.09666     0.00016     0.00014     0.00017       8     8     0
   0.40334     0.09666     0.00109     0.00083     0.00081       8     8     0
   0.45901     0.09666     0.00691     0.00476     0.00474       8     8     0
   0.49204     0.09666     0.01638     0.01142     0.01136       8     8     0
   0.50000     0.09666     0.01980     0.01388     0.01378       8     8     0
   0.00000     0.16894    -0.00014    -0.00020    -0.00012       8     8     0
   0.00796     0.16894     0.00002    -0.00004    -0.00000       8     8     0
   0.04099     0.16894     0.00003    -0.00001     0.00004       8     8     0
   0.09666     0.16894    -0.00002    -0.00003    -0.00001       8     8     0
   0.16894     0.16894     0.00008     0.00009     0.00009       8     8     0
   0.25000     0.16894    -0.00010    -0.00010    -0.00007       8     8     0
   0.33106     0.16894     0.00150     0.00106     0.00093       8     8     0
   0.40334     0.16894     0.01116     0.00792     0.00799       8     8     0
   0.45901     0.16894     0.03936     0.02785     0.02808       8     8     0
   0.49204     0.16894     0.07587     0.05357     0.05384       8     8     0
   0.50000     0.16894     0.08800     0.06208     0.06241       8     8     0
   0.00000     0.25000     0.00021     0.00026     0.00018       8     8     0
   0.00796     0.25000     0.00005     0.00007     0.00005       8     8     0
   0.04099     0.25000    -0.00007    -0.00007    -0.00007       8     8     0
   0.09666     0.25000     0.00015     0.00008     0.00007       8     8     0
   0.16894     0.25000    -0.00010    -0.00007    -0.00010       8     8     0
   0.25000     0.25000     0.00160     0.00119     0.00119       8     8     0
   0.33106     0.25000     0.01373     0.00964     0.00977       8     8     0
   0.40334     0.25000     0.06518     0.04611     0.04596       8     8     0
   0.45901     0.25000     0.17338     0.12262     0.12241       8     8     0
   0.49204     0.25000     0.28006     0.19813     0.19794       8     8     0
   0.50000     0.25000     0.31068     0.21990     0.21963       8     8     0
   0.00000     0.33106     0.00061     0.00063     0.00039       8     8     0
   0.00796     0.33106    -0.00003     0.00004    -0.00004       8     8     0
   0.04099     0.33106    -0.00005     0.00000    -0.00002       8     8     0
   0.09666     0.33106     0.00016     0.00017     0.00014       8     8     0
   0.16894     0.33106     0.00150     0.00093     0.00106       8     8     0
   0.25000     0.33106     0.01373     0.00977     0.00964       8     8     0
   0.33106     0.33106     0.07697     0.05442     0.05442       8     8     0
   0.40334     0.33106     0.25289     0.17882     0.17896       8     8     0
   0.45901     0.33106     0.49025     0.34666     0.34677       8     8     0
   0.49204     0.33106     0.65536     0.46339     0.46340       8     8     0
   0.50000     0.33106     0.69475     0.49130     0.49121       8     8     0
   0.00000     0.40334    -0.00065    -0.00072    -0.00039       8     8     0
   0.00796     0.40334    -0.00006    -0.00011     0.00001       8     8     0
   0.04099     0.40334     0.00052     0.00037     0.00039       8     8     0
   0.09666     0.40334     0.00109     0.00081     0.00083       8     8     0
   0.16894     0.40334     0.01116     0.00799     0.00792       8     8     0
   0.25000     0.40334     0.06518     0.04596     0.04611       8     8     0
   0.33106     0.40334     0.25289     0.17896     0.17882       8     8     0
   0.40334     0.40334     0.57238     0.40462     0.40462       8     8     0
   0.45901     0.40334     0.83781     0.59252     0.59235       8     8     0
   0.49204     0.40334     0.94947     0.67131     0.67142       8     8     0
   0.50000     0.40334     0.96790     0.68397     0.68448       8     8     0
   0.00000     0.45901    -0.00117    -0.00139    -0.00095       8     8     0
   0.00796     0.45901     0.00052     0.00023     0.00027       8     8     0
   0.04099     0.45901     0.00176     0.00122     0.00112       8     8     0
   0.09666     0.45901     0.00691     0.00474     0.00476       8     8     0
   0.16894     0.45901     0.03936     0.02808     0.02785       8     8     0
   0.25000     0.45901     0.17338     0.12241     0.12262       8     8     0
   0.33106     0.45901     0.49025     0.34677     0.34666       8     8     0
   0.40334     0.45901     0.83781     0.59235     0.59252       8     8     0
   0.45901     0.45901     0.99125     0.70096     0.70096       8     8     0
   0.49204     0.45901     0.98947     0.69964     0.69961       8     8     0
   0.50000     0.45901     0.97835     0.69143     0.69173       8     8     0
   0.00000     0.49204     0.00003    -0.00037    -0.00032       8     8     0
   0.00796     0.49204     0.00160     0.00108     0.00090       8     8     0
   0.04099     0.49204     0.00378     0.00269     0.00262       8     8     0
   0.09666     0.49204     0.01638     0.01136     0.01142       8     8     0
   0.16894     0.49204     0.07587     0.05384     0.05357       8     8     0
   0.25000     0.49204     0.28006     0.19794     0.19813       8     8     0
   0.33106     0.49204     0.65536     0.46340     0.46339       8     8     0
   0.40334     0.49204     0.94947     0.67142     0.67131       8     8     0
   0.45901     0.49204     0.98947     0.69961     0.69964       8     8     0
   0.49204     0.49204     0.91583     0.64770     0.64770       8     8     0
   0.50000     0.49204     0.88898     0.62874     0.62879       8     8     0
   0.00000     0.50000     0.00053     0.00009     0.00006       8     8     0
   0.00796     0.50000     0.00199     0.00141     0.00121       8     8     0
   0.04099     0.50000     0.00460     0.00329     0.00328       8     8     0
   0.09666     0.50000     0.01980     0.01378     0.01388       8     8     0
   0.16894     0.50000     0.08800     0.06241     0.06208       8     8     0
   0.25000     0.50000     0.31068     0.21963     0.21990       8     8     0
   0.33106     0.50000     0.69475     0.49121     0.49130       8     8     0
   0.40334     0.50000     0.96790     0.68448     0.68397       8     8     0
   0.45901     0.50000     0.97835     0.69173     0.69143       8     8     0
   0.49204     0.50000     0.88898     0.62879     0.62874       8     8     0
   0.50000     0.50000     0.85898     0.60772     0.60772       8     8     0
ZONE T= "IEL     2",  I=11,  J=11,  SOLUTIONTIME=   0.66020,  DATAPACKING = POINT
   0.00000     0.50000    -0.00060    -0.00091    -0.00112       8     8     0
   0.00796     0.50000     0.00074    -0.00170    -0.00007       8     8     0
   0.04099     0.50000     0.00493     0.00137     0.00358       8     8     0
   0.09666     0.50000     0.02258     0.01674     0.01665       8     8     0
   0.16894     0.50000     0.08775     0.06179     0.06189       8     8     0
   0.25000     0.50000     0.30822     0.21819     0.21727       8     8     0
   0.33106     0.50000     0.69560     0.49164     0.49208       8     8     0
   0.40334     0.50000     0.96920     0.68549     0.68578       8     8     0
   0.45901     0.50000     0.97800     0.69150     0.69149       8     8     0
   0.49204     0.50000     0.88831     0.62795     0.62798       8     8     0
   0.50000     0.50000     0.85825     0.60732     0.60679       8     8     0
   0.00000     0.50796     0.00138     0.00061     0.00166       8     8     0
   0.00796     0.50796     0.00262     0.00115     0.00203       8     8     0
   0.04099     0.50796     0.00593     0.00371     0.00370       8     8     0
   0.09666     0.50796     0.02402     0.01715     0.01691       8     8     0
   0.16894     0.50796     0.10121     0.07152     0.07154       8     8     0
   0.25000     0.50796     0.34327     0.24281     0.24264       8     8     0
   0.33106     0.50796     0.73365     0.51863     0.51881       8     8     0
   0.40334     0.50796     0.98185     0.69442     0.69428       8     8     0
   0.45901     0.50796     0.96245     0.68047     0.68066       8     8     0
   0.49204     0.50796     0.85900     0.60736     0.60731       8     8     0
   0.50000     0.50796     0.82636     0.58464     0.58406       8     8     0
   0.00000     0.54099     0.00532     0.00457     0.00364       8     8     0
   0.00796     0.54099     0.00587     0.00517     0.00440       8     8     0
   0.04099     0.54099     0.01264     0.00973     0.00968       8     8     0
   0.09666     0.54099     0.04820     0.03378     0.03426       8     8     0
   0.16894     0.54099     0.17647     0.12468     0.12471       8     8     0
   0.25000     0.54099     0.49469     0.34994     0.34997       8     8     0
   0.33106     0.54099     0.87573     0.61907     0.61920       8     8     0
   0.40334     0.54099     0.99587     0.70437     0.70406       8     8     0
   0.45901     0.54099     0.85941     0.60753     0.60768       8     8     0
   0.49204     0.54099     0.71093     0.50284     0.50276       8     8     0
   0.50000     0.54099     0.67108     0.47513     0.47462       8     8     0
   0.00000     0.59666     0.02237     0.01622     0.01576       8     8     0
   0.00796     0.59666     0.02384     0.01615     0.01661       8     8     0
   0.04099     0.59666     0.04833     0.03339     0.03379       8     8     0
   0.09666     0.59666     0.13577     0.09642     0.09609       8     8     0
   0.16894     0.59666     0.37475     0.26462     0.26502       8     8     0
   0.25000     0.59666     0.76963     0.54455     0.54393       8     8     0
   0.33106     0.59666     0.99818     0.70564     0.70589       8     8     0
   0.40334     0.59666     0.85956     0.60790     0.60797       8     8     0
   0.45901     0.59666     0.59678     0.42193     0.42193       8     8     0
   0.49204     0.59666     0.43460     0.30731     0.30726       8     8     0
   0.50000     0.59666     0.39746     0.28166     0.28104       8     8     0
   0.00000     0.66894     0.08788     0.06226     0.06242       8     8     0
   0.00796     0.66894     0.10134     0.07228     0.07188       8     8     0
   0.04099     0.66894     0.17642     0.12532     0.12471       8     8     0
   0.09666     0.66894     0.37457     0.26484     0.26467       8     8     0
   0.16894     0.66894     0.72863     0.51539     0.51534       8     8     0
   0.25000     0.66894     0.99210     0.70131     0.70175       8     8     0
   0.33106     0.66894     0.85869     0.60736     0.60709       8     8     0
   0.40334     0.66894     0.51389     0.36322     0.36324       8     8     0
   0.45901     0.66894     0.26993     0.19100     0.19096       8     8     0
   0.49204     0.66894     0.16672     0.11784     0.11789       8     8     0
   0.50000     0.66894     0.14706     0.10339     0.10389       8     8     0
   0.00000     0.75000     0.30831     0.21707     0.21730       8     8     0
   0.00796     0.75000     0.34318     0.24188     0.24222       8     8     0
   0.04099     0.75000     0.49459     0.34902     0.34979       8     8     0
   0.09666     0.75000     0.77000     0.54418     0.54435       8     8     0
   0.16894     0.75000     0.99230     0.70181     0.70132       8     8     0
   0.25000     0.75000     0.85808     0.60660     0.60663       8     8     0
   0.33106     0.75000     0.47182     0.33373     0.33372       8     8     0
   0.40334     0.75000     0.18703     0.13220     0.13234       8     8     0
   0.45901     0.75000     0.07256     0.05135     0.05121       8     8     0
   0.49204     0.75000     0.03699     0.02610     0.02619       8     8     0
   0.50000     0.75000     0.03155     0.02197     0.02249       8     8     0
   0.00000     0.83106     0.69748     0.48955     0.48989       8     8     0
   0.00796     0.83106     0.73622     0.51706     0.51556       8     8     0
   0.04099     0.83106     0.88039     0.61953     0.61369       8     8     0
   0.09666     0.83106     1.00244     0.70697     0.70166       8     8     0
   0.16894     0.83106     0.85991     0.60768     0.60595       8     8     0
   0.25000     0.83106     0.47199     0.33387     0.33347       8     8     0
   0.33106     0.83106     0.16293     0.11511     0.11511       8     8     0
   0.40334     0.83106     0.04380     0.03106     0.03091       8     8     0
   0.45901     0.83106     0.01249     0.00873     0.00893       8     8     0
   0.49204     0.83106     0.00530     0.00384     0.00367       8     8     0
   0.50000     0.83106     0.00400     0.00320     0.00248       8     8     0
   0.00000     0.90334     0.99807     0.65754     0.64987       8     8     0
   0.00796     0.90334     1.01609     0.66983     0.65221       8     8     0
   0.04099     0.90334     1.04227     0.69920     0.65030       8     8     0
   0.09666     0.90334     0.89847     0.62155     0.56726       8     8     0
   0.16894     0.90334     0.52891     0.37205     0.35002       8     8     0
   0.25000     0.90334     0.18950     0.13394     0.13068       8     8     0
   0.33106     0.90334     0.04417     0.03118     0.03074       8     8     0
   0.40334     0.90334     0.00836     0.00592     0.00626       8     8     0
   0.45901     0.90334     0.00130     0.00093     0.00054       8     8     0
   0.49204     0.90334     0.00049     0.00037     0.00064       8     8     0
   0.50000     0.90334     0.00010     0.00038     0.00093       8     8     0
   0.00000     0.95901     1.10414     0.56434     0.50825       8     8     0
   0.00796     0.95901     1.10232     0.58244     0.47539       8     8     0
   0.04099     0.95901     1.02978     0.61047     0.38337       8     8     0
   0.09666     0.95901     0.73905     0.48911     0.27733       8     8     0
   0.16894     0.95901     0.32998     0.22923     0.14340       8     8     0
   0.25000     0.95901     0.08372     0.05911     0.04279       8     8     0
   0.33106     0.95901     0.01388     0.00984     0.00796       8     8     0
   0.40334     0.95901     0.00116     0.00071     0.00047       8     8     0
   0.45901     0.95901     0.00055     0.00059     0.00055       8     8     0
   0.49204     0.95901     0.00026    -0.00007    -0.00006       8     8     0
   0.50000     0.95901     0.00028     0.00021    -0.00104       8     8     0
   0.00000     0.99204     1.13499     0.37813     0.14190       8     8     0
   0.00796     0.99204     1.12313     0.44337     0.12525       8     8     0
   0.04099     0.99204     1.01727     0.55897     0.08401       8     8     0
   0.09666     0.99204     0.69398     0.44830     0.05534       8     8     0
   0.16894     0.99204     0.28306     0.19647     0.02771       8     8     0
   0.25000     0.99204     0.06207     0.04311     0.00727       8     8     0
   0.33106     0.99204     0.00877     0.00663     0.00170       8     8     0
   0.40334     0.99204     0.00072     0.00034    -0.00012       8     8     0
   0.45901     0.99204     0.00062     0.00030     0.00042       8     8     0
   0.49204     0.99204     0.00008     0.00045    -0.00044       8     8     0
   0.50000     0.99204     0.00057    -0.00056    -0.00158       8     8     0
   0.00000     1.00000     1.14255     0.31890    -0.00486       8     8     0
   0.00796     1.00000     1.12806     0.40514    -0.00313       8     8     0
   0.04099     1.00000     1.01690     0.55640    -0.00024       8     8     0
   0.09666     1.00000     0.69205     0.44666    -0.00026       8     8     0
   0.16894     1.00000     0.28156     0.19611    -0.00046       8     8     0
   0.25000     1.00000     0.06178     0.04248    -0.00032       8     8     0
   0.33106     1.00000     0.00825     0.00647     0.00034       8     8     0
   0.40334     1.00000     0.00045     0.00016     0.00009       8     8     0
   0.45901     1.00000     0.00070     0.00013    -0.00009       8     8     0
   0.49204     1.00000     0.00023     0.00100    -0.00012       8     8     0
   0.50000     1.00000     0.00093    -0.00075    -0.00032       8     8     0
ZONE T= "IEL     3",  I=11,  J=11,  SOLUTIONTIME=   0.66020,  DATAPACKING = POINT
   0.50000     0.50000     0.85772     0.60642     0.60642       8     8     0
   0.50796     0.50000     0.82575     0.58400     0.58371       8     8     0
   0.54099     0.50000     0.67090     0.47448     0.47418       8     8     0
   0.59666     0.50000     0.39781     0.28120     0.28132       8     8     0
   0.66894     0.50000     0.14684     0.10390     0.10386       8     8     0
   0.75000     0.50000     0.03135     0.02211     0.02217       8     8     0
   0.83106     0.50000     0.00423     0.00305     0.00299       8     8     0
   0.90334     0.50000     0.00028     0.00013     0.00019       8     8     0
   0.95901     0.50000     0.00024     0.00031     0.00024       8     8     0
   0.99204     0.50000     0.00008     0.00005    -0.00005       8     8     0
   1.00000     0.50000     0.00025    -0.00012    -0.00005       8     8     0
   0.50000     0.50796     0.82575     0.58371     0.58400       8     8     0
   0.50796     0.50796     0.79161     0.55979     0.55979       8     8     0
   0.54099     0.50796     0.63140     0.44654     0.44641       8     8     0
   0.59666     0.50796     0.36273     0.25640     0.25650       8     8     0
   0.66894     0.50796     0.12861     0.09101     0.09094       8     8     0
   0.75000     0.50796     0.02630     0.01855     0.01860       8     8     0
   0.83106     0.50796     0.00334     0.00241     0.00236       8     8     0
   0.90334     0.50796     0.00021     0.00009     0.00015       8     8     0
   0.95901     0.50796     0.00022     0.00029     0.00019       8     8     0
   0.99204     0.50796     0.00001     0.00003    -0.00007       8     8     0
   1.00000     0.50796     0.00017    -0.00011    -0.00004       8     8     0
   0.50000     0.54099     0.67090     0.47418     0.47448       8     8     0
   0.50796     0.54099     0.63140     0.44641     0.44654       8     8     0
   0.54099     0.54099     0.46633     0.32980     0.32980       8     8     0
   0.59666     0.54099     0.23590     0.16676     0.16681       8     8     0
   0.66894     0.54099     0.07118     0.05036     0.05032       8     8     0
   0.75000     0.54099     0.01207     0.00851     0.00853       8     8     0
   0.83106     0.54099     0.00116     0.00084     0.00082       8     8     0
   0.90334     0.54099     0.00014     0.00007     0.00009       8     8     0
   0.95901     0.54099     0.00009     0.00014     0.00007       8     8     0
   0.99204     0.54099    -0.00014    -0.00002    -0.00011       8     8     0
   1.00000     0.54099    -0.00005    -0.00004    -0.00006       8     8     0
   0.50000     0.59666     0.39781     0.28132     0.28120       8     8     0
   0.50796     0.59666     0.36273     0.25650     0.25640       8     8     0
   0.54099     0.59666     0.23590     0.16681     0.16676       8     8     0
   0.59666     0.59666     0.09680     0.06846     0.06846       8     8     0
   0.66894     0.59666     0.02215     0.01566     0.01567       8     8     0
   0.75000     0.59666     0.00260     0.00184     0.00184       8     8     0
   0.83106     0.59666     0.00019     0.00013     0.00013       8     8     0
   0.90334     0.59666     0.00009     0.00006     0.00006       8     8     0
   0.95901     0.59666    -0.00003    -0.00005    -0.00002       8     8     0
   0.99204     0.59666    -0.00006    -0.00001    -0.00004       8     8     0
   1.00000     0.59666    -0.00007     0.00002    -0.00005       8     8     0
   0.50000     0.66894     0.14684     0.10386     0.10390       8     8     0
   0.50796     0.66894     0.12861     0.09094     0.09101       8     8     0
   0.54099     0.66894     0.07118     0.05032     0.05036       8     8     0
   0.59666     0.66894     0.02215     0.01567     0.01566       8     8     0
   0.66894     0.66894     0.00334     0.00236     0.00236       8     8     0
   0.75000     0.66894     0.00028     0.00020     0.00020       8     8     0
   0.83106     0.66894     0.00006     0.00003     0.00004       8     8     0
   0.90334     0.66894    -0.00002    -0.00000    -0.00001       8     8     0
   0.95901     0.66894    -0.00001    -0.00002    -0.00001       8     8     0
   0.99204     0.66894     0.00004     0.00001     0.00003       8     8     0
   1.00000     0.66894     0.00002     0.00001     0.00002       8     8     0
   0.50000     0.75000     0.03135     0.02217     0.02211       8     8     0
   0.50796     0.75000     0.02630     0.01860     0.01855       8     8     0
   0.54099     0.75000     0.01207     0.00853     0.00851       8     8     0
   0.59666     0.75000     0.00260     0.00184     0.00184       8     8     0
   0.66894     0.75000     0.00028     0.00020     0.00020       8     8     0
   0.75000     0.75000     0.00006     0.00004     0.00004       8     8     0
   0.83106     0.75000    -0.00002    -0.00002    -0.00002       8     8     0
   0.90334     0.75000     0.00001     0.00000     0.00000       8     8     0
   0.95901     0.75000     0.00000     0.00001     0.00000       8     8     0
   0.99204     0.75000    -0.00001     0.00000    -0.00001       8     8     0
   1.00000     0.75000    -0.00001    -0.00000    -0.00001       8     8     0
   0.50000     0.83106     0.00423     0.00299     0.00305       8     8     0
   0.50796     0.83106     0.00334     0.00236     0.00241       8     8     0
   0.54099     0.83106     0.00116     0.00082     0.00084       8     8     0
   0.59666     0.83106     0.00019     0.00013     0.00013       8     8     0
   0.66894     0.83106     0.00006     0.00004     0.00003       8     8     0
   0.75000     0.83106    -0.00002    -0.00002    -0.00002       8     8     0
   0.83106     0.83106     0.00001     0.00000     0.00000       8     8     0
   0.90334     0.83106     0.00001     0.00001     0.00000       8     8     0
   0.95901     0.83106    -0.00000    -0.00001    -0.00000       8     8     0
   0.99204     0.83106     0.00000    -0.00000     0.00000       8     8     0
   1.00000     0.83106    -0.00000     0.00000    -0.00000       8     8     0
   0.50000     0.90334     0.00028     0.00019     0.00013       8     8     0
   0.50796     0.90334     0.00021     0.00015     0.00009       8     8     0
   0.54099     0.90334     0.00014     0.00009     0.00007       8     8     0
   0.59666     0.90334     0.00009     0.00006     0.00006       8     8     0
   0.66894     0.90334    -0.00002    -0.00001    -0.00000       8     8     0
   0.75000     0.90334     0.00001     0.00000     0.00000       8     8     0
   0.83106     0.90334     0.00001     0.00000     0.00001       8     8     0
   0.90334     0.90334    -0.00001    -0.00001    -0.00001       8     8     0
   0.95901     0.90334     0.00000     0.00001     0.00000       8     8     0
   0.99204     0.90334     0.00001     0.00000     0.00001       8     8     0
   1.00000     0.90334     0.00001    -0.00000     0.00001       8     8     0
   0.50000     0.95901     0.00024     0.00024     0.00031       8     8     0
   0.50796     0.95901     0.00022     0.00019     0.00029       8     8     0
   0.54099     0.95901     0.00009     0.00007     0.00014       8     8     0
   0.59666     0.95901    -0.00003    -0.00002    -0.00005       8     8     0
   0.66894     0.95901    -0.00001    -0.00001    -0.00002       8     8     0
   0.75000     0.95901     0.00000     0.00000     0.00001       8     8     0
   0.83106     0.95901    -0.00000    -0.00000    -0.00001       8     8     0
   0.90334     0.95901     0.00000     0.00000     0.00001       8     8     0
   0.95901     0.95901     0.00000     0.00000     0.00000       8     8     0
   0.99204     0.95901    -0.00000     0.00000    -0.00001       8     8     0
   1.00000     0.95901    -0.00000     0.00000    -0.00001       8     8     0
   0.50000     0.99204     0.00008    -0.00005     0.00005       8     8     0
   0.50796     0.99204     0.00001    -0.00007     0.00003       8     8     0
   0.54099     0.99204    -0.00014    -0.00011    -0.00002       8     8     0
   0.59666     0.99204    -0.00006    -0.00004    -0.00001       8     8     0
   0.66894     0.99204     0.00004     0.00003     0.00001       8     8     0
   0.75000     0.99204    -0.00001    -0.00001     0.00000       8     8     0
   0.83106     0.99204     0.00000     0.00000    -0.00000       8     8     0
   0.90334     0.99204     0.00001     0.00001     0.00000       8     8     0
   0.95901     0.99204    -0.00000    -0.00001     0.00000       8     8     0
   0.99204     0.99204    -0.00000    -0.00000    -0.00000       8     8     0
   1.00000     0.99204    -0.00001     0.00000    -0.00000       8     8     0
   0.50000     1.00000     0.00025    -0.00005    -0.00012       8     8     0
   0.50796     1.00000     0.00017    -0.00004    -0.00011       8     8     0
   0.54099     1.00000    -0.00005    -0.00006    -0.00004       8     8     0
   0.59666     1.00000    -0.00007    -0.00005     0.00002       8     8     0
   0.66894     1.00000     0.00002     0.00002     0.00001       8     8     0
   0.75000     1.00000    -0.00001    -0.00001    -0.00000       8     8     0
   0.83106     1.00000    -0.00000    -0.00000     0.00000       8     8     0
   0.90334     1.00000     0.00001     0.00001    -0.00000       8     8     0
   0.95901     1.00000    -0.00000    -0.00001     0.00000       8     8     0
   0.99204     1.00000    -0.00001    -0.00000     0.00000       8     8     0
   1.00000     1.00000    -0.00001     0.00000     0.00000       8     8     0
ZONE T= "IEL     4",  I=11,  J=11,  SOLUTIONTIME=   0.66020,  DATAPACKING = POINT
   0.50000     0.00000    -0.00060    -0.00112    -0.00091       8     8     0
   0.50796     0.00000     0.00138     0.00166     0.00061       8     8     0
   0.54099     0.00000     0.00532     0.00364     0.00457       8     8     0
   0.59666     0.00000     0.02237     0.01576     0.01622       8     8     0
   0.66894     0.00000     0.08788     0.06242     0.06226       8     8     0
   0.75000     0.00000     0.30831     0.21730     0.21707       8     8     0
   0.83106     0.00000     0.69748     0.48989     0.48955       8     8     0
   0.90334     0.00000     0.99807     0.64987     0.65754       8     8     0
   0.95901     0.00000     1.10414     0.50825     0.56434       8     8     0
   0.99204     0.00000     1.13499     0.14190     0.37813       8     8     0
   1.00000     0.00000     1.14255    -0.00486     0.31890       8     8     0
   0.50000     0.00796     0.00074    -0.00007    -0.00170       8     8     0
   0.50796     0.00796     0.00262     0.00203     0.00115       8     8     0
   0.54099     0.00796     0.00587     0.00440     0.00517       8     8     0
   0.59666     0.00796     0.02384     0.01661     0.01615       8     8     0
   0.66894     0.00796     0.10134     0.07188     0.07228       8     8     0
   0.75000     0.00796     0.34318     0.24222     0.24188       8     8     0
   0.83106     0.00796     0.73622     0.51556     0.51706       8     8     0
   0.90334     0.00796     1.01609     0.65221     0.66983       8     8     0
   0.95901     0.00796     1.10232     0.47539     0.58244       8     8     0
   0.99204     0.00796     1.12313     0.12525     0.44337       8     8     0
   1.00000     0.00796     1.12806    -0.00313     0.40514       8     8     0
   0.50000     0.04099     0.00493     0.00358     0.00137       8     8     0
   0.50796     0.04099     0.00593     0.00370     0.00371       8     8     0
   0.54099     0.04099     0.01264     0.00968     0.00973       8     8     0
   0.59666     0.04099     0.04833     0.03379     0.03339       8     8     0
   0.66894     0.04099     0.17642     0.12471     0.12532       8     8     0
   0.75000     0.04099     0.49459     0.34979     0.34902       8     8     0
   0.83106     0.04099     0.88039     0.61369     0.61953       8     8     0
   0.90334     0.04099     1.04227     0.65030     0.69920       8     8     0
   0.95901     0.04099     1.02978     0.38337     0.61047       8     8     0
   0.99204     0.04099     1.01727     0.08401     0.55897       8     8     0
   1.00000     0.04099     1.01690    -0.00024     0.55640       8     8     0
   0.50000     0.09666     0.02258     0.01665     0.01674       8     8     0
   0.50796     0.09666     0.02402     0.01691     0.01715       8     8     0
   0.54099     0.09666     0.04820     0.03426     0.03378       8     8     0
   0.59666     0.09666     0.13577     0.09609     0.09642       8     8     0
   0.66894     0.09666     0.37457     0.26467     0.26484       8     8     0
   0.75000     0.09666     0.77000     0.54435     0.54418       8     8     0
   0.83106     0.09666     1.00244     0.70166     0.70697       8     8     0
   0.90334     0.09666     0.89847     0.56726     0.62155       8     8     0
   0.95901     0.09666     0.73905     0.27733     0.48911       8     8     0
   0.99204     0.09666     0.69398     0.05534     0.44830       8     8     0
   1.00000     0.09666     0.69205    -0.00026     0.44666       8     8     0
   0.50000     0.16894     0.08775     0.06189     0.06179       8     8     0
   0.50796     0.16894     0.10121     0.07154     0.07152       8     8     0
   0.54099     0.16894     0.17647     0.12471     0.12468       8     8     0
   0.59666     0.16894     0.37475     0.26502     0.26462       8     8     0
   0.66894     0.16894     0.72863     0.51534     0.51539       8     8     0
   0.75000     0.16894     0.99230     0.70132     0.70181       8     8     0
   0.83106     0.16894     0.85991     0.60595     0.60768       8     8     0
   0.90334     0.16894     0.52891     0.35002     0.37205       8     8     0
   0.95901     0.16894     0.32998     0.14340     0.22923       8     8     0
   0.99204     0.16894     0.28306     0.02771     0.19647       8     8     0
   1.00000     0.16894     0.28156    -0.00046     0.19611       8     8     0
   0.50000     0.25000     0.30822     0.21727     0.21819       8     8     0
   0.50796     0.25000     0.34327     0.24264     0.24281       8     8     0
   0.54099     0.25000     0.49469     0.34997     0.34994       8     8     0
   0.59666     0.25000     0.76963     0.54393     0.54455       8     8     0
   0.66894     0.25000     0.99210     0.70175     0.70131       8     8     0
   0.75000     0.25000     0.85808     0.60663     0.60660       8     8     0
   0.83106     0.25000     0.47199     0.33347     0.33387       8     8     0
   0.90334     0.25000     0.18950     0.13068     0.13394       8     8     0
   0.95901     0.25000     0.08372     0.04279     0.05911       8     8     0
   0.99204     0.25000     0.06207     0.00727     0.04311       8     8     0
   1.00000     0.25000     0.06178    -0.00032     0.04248       8     8     0
   0.50000     0.33106     0.69560     0.49208     0.49164       8     8     0
   0.50796     0.33106     0.73365     0.51881     0.51863       8     8     0
   0.54099     0.33106     0.87573     0.61920     0.61907       8     8     0
   0.59666     0.33106     0.99818     0.70589     0.70564       8     8     0
   0.66894     0.33106     0.85869     0.60709     0.60736       8     8     0
   0.75000     0.33106     0.47182     0.33372     0.33373       8     8     0
   0.83106     0.33106     0.16293     0.11511     0.11511       8     8     0
   0.90334     0.33106     0.04417     0.03074     0.03118       8     8     0
   0.95901     0.33106     0.01388     0.00796     0.00984       8     8     0
   0.99204     0.33106     0.00877     0.00170     0.00663       8     8     0
   1.00000     0.33106     0.00825     0.00034     0.00647       8     8     0
   0.50000     0.40334     0.96920     0.68578     0.68549       8     8     0
   0.50796     0.40334     0.98185     0.69428     0.69442       8     8     0
   0.54099     0.40334     0.99587     0.70406     0.70437       8     8     0
   0.59666     0.40334     0.85956     0.60797     0.60790       8     8     0
   0.66894     0.40334     0.51389     0.36324     0.36322       8     8     0
   0.75000     0.40334     0.18703     0.13234     0.13220       8     8     0
   0.83106     0.40334     0.04380     0.03091     0.03106       8     8     0
   0.90334     0.40334     0.00836     0.00626     0.00592       8     8     0
   0.95901     0.40334     0.00116     0.00047     0.00071       8     8     0
   0.99204     0.40334     0.00072    -0.00012     0.00034       8     8     0
   1.00000     0.40334     0.00045     0.00009     0.00016       8     8     0
   0.50000     0.45901     0.97800     0.69149     0.69150       8     8     0
   0.50796     0.45901     0.96245     0.68066     0.68047       8     8     0
   0.54099     0.45901     0.85941     0.60768     0.60753       8     8     0
   0.59666     0.45901     0.59678     0.42193     0.42193       8     8     0
   0.66894     0.45901     0.26993     0.19096     0.19100       8     8     0
   0.75000     0.45901     0.07256     0.05121     0.05135       8     8     0
   0.83106     0.45901     0.01249     0.00893     0.00873       8     8     0
   0.90334     0.45901     0.00130     0.00054     0.00093       8     8     0
   0.95901     0.45901     0.00055     0.00055     0.00059       8     8     0
   0.99204     0.45901     0.00062     0.00042     0.00030       8     8     0
   1.00000     0.45901     0.00070    -0.00009     0.00013       8     8     0
   0.50000     0.49204     0.88831     0.62798     0.62795       8     8     0
   0.50796     0.49204     0.85900     0.60731     0.60736       8     8     0
   0.54099     0.49204     0.71093     0.50276     0.50284       8     8     0
   0.59666     0.49204     0.43460     0.30726     0.30731       8     8     0
   0.66894     0.49204     0.16672     0.11789     0.11784       8     8     0
   0.75000     0.49204     0.03699     0.02619     0.02610       8     8     0
   0.83106     0.49204     0.00530     0.00367     0.00384       8     8     0
   0.90334     0.49204     0.00049     0.00064     0.00037       8     8     0
   0.95901     0.49204     0.00026    -0.00006    -0.00007       8     8     0
   0.99204     0.49204     0.00008    -0.00044     0.00045       8     8     0
   1.00000     0.49204     0.00023    -0.00012     0.00100       8     8     0
   0.50000     0.50000     0.85825     0.60679     0.60732       8     8     0
   0.50796     0.50000     0.82636     0.58406     0.58464       8     8     0
   0.54099     0.50000     0.67108     0.47462     0.47513       8     8     0
   0.59666     0.50000     0.39746     0.28104     0.28166       8     8     0
   0.66894     0.50000     0.14706     0.10389     0.10339       8     8     0
   0.75000     0.50000     0.03155     0.02249     0.02197       8     8     0
   0.83106     0.50000     0.00400     0.00248     0.00320       8     8     0
   0.90334     0.50000     0.00010     0.00093     0.00038       8     8     0
   0.95901     0.50000     0.00028    -0.00104     0.00021       8     8     0
   0.99204     0.50000     0.00057    -0.00158    -0.00056       8     8     0
   1.00000     0.50000     0.00093    -0.00032    -0.00075       8     8     0
