TITLE = "MESH AND SOLUTIONS"
VARIABLES = "X", "Y", "PRESSURE", "U", "V",  "N", "M", "PROC"
ZONE T= "IEL     1",  I=11,  J=11,  SOLUTIONTIME=   1.28020,  DATAPACKING = POINT
   0.00000     0.00000     0.00004    -0.00005    -0.00005       8     8     0
   0.00796     0.00000     0.00006    -0.00003    -0.00008       8     8     0
   0.04099     0.00000     0.00023    -0.00006    -0.00024       8     8     0
   0.09666     0.00000     0.00005     0.00019    -0.00008       8     8     0
   0.16894     0.00000     0.00032    -0.00011    -0.00034       8     8     0
   0.25000     0.00000     0.00169    -0.00166    -0.00162       8     8     0
   0.33106     0.00000     0.01335    -0.01449    -0.01334       8     8     0
   0.40334     0.00000     0.04895    -0.05427    -0.04890       8     8     0
   0.45901     0.00000     0.09082    -0.10419    -0.09053       8     8     0
   0.49204     0.00000     0.11331    -0.13401    -0.11312       8     8     0
   0.50000     0.00000     0.11756    -0.14022    -0.11749       8     8     0
   0.00000     0.00796     0.00006    -0.00008    -0.00003       8     8     0
   0.00796     0.00796     0.00009    -0.00007    -0.00007       8     8     0
   0.04099     0.00796     0.00024    -0.00010    -0.00026       8     8     0
   0.09666     0.00796     0.00007     0.00018    -0.00008       8     8     0
   0.16894     0.00796     0.00043    -0.00015    -0.00036       8     8     0
   0.25000     0.00796     0.00199    -0.00203    -0.00159       8     8     0
   0.33106     0.00796     0.01544    -0.01686    -0.01287       8     8     0
   0.40334     0.00796     0.05357    -0.05961    -0.04736       8     8     0
   0.45901     0.00796     0.09537    -0.10989    -0.08784       8     8     0
   0.49204     0.00796     0.11660    -0.13858    -0.10982       8     8     0
   0.50000     0.00796     0.12053    -0.14450    -0.11406       8     8     0
   0.00000     0.04099     0.00023    -0.00024    -0.00006       8     8     0
   0.00796     0.04099     0.00024    -0.00026    -0.00010       8     8     0
   0.04099     0.04099     0.00017    -0.00023    -0.00023       8     8     0
   0.09666     0.04099    -0.00014     0.00015    -0.00000       8     8     0
   0.16894     0.04099     0.00067    -0.00040    -0.00037       8     8     0
   0.25000     0.04099     0.00362    -0.00325    -0.00167       8     8     0
   0.33106     0.04099     0.02393    -0.02540    -0.01089       8     8     0
   0.40334     0.04099     0.07163    -0.07993    -0.03973       8     8     0
   0.45901     0.04099     0.11381    -0.13266    -0.07507       8     8     0
   0.49204     0.04099     0.13024    -0.15732    -0.09530       8     8     0
   0.50000     0.04099     0.13279    -0.16197    -0.09937       8     8     0
   0.00000     0.09666     0.00005    -0.00008     0.00019       8     8     0
   0.00796     0.09666     0.00007    -0.00008     0.00018       8     8     0
   0.04099     0.09666    -0.00014    -0.00000     0.00015       8     8     0
   0.09666     0.09666    -0.00071     0.00039     0.00039       8     8     0
   0.16894     0.09666     0.00019    -0.00074     0.00046       8     8     0
   0.25000     0.09666     0.00430    -0.00499    -0.00023       8     8     0
   0.33106     0.09666     0.03364    -0.03579    -0.00535       8     8     0
   0.40334     0.09666     0.09658    -0.10650    -0.02350       8     8     0
   0.45901     0.09666     0.14339    -0.16607    -0.05023       8     8     0
   0.49204     0.09666     0.15548    -0.18783    -0.06854       8     8     0
   0.50000     0.09666     0.15640    -0.19117    -0.07265       8     8     0
   0.00000     0.16894     0.00032    -0.00034    -0.00011       8     8     0
   0.00796     0.16894     0.00043    -0.00036    -0.00015       8     8     0
   0.04099     0.16894     0.00067    -0.00037    -0.00040       8     8     0
   0.09666     0.16894     0.00019     0.00046    -0.00074       8     8     0
   0.16894     0.16894     0.00135    -0.00054    -0.00054       8     8     0
   0.25000     0.16894     0.00526    -0.00513     0.00009       8     8     0
   0.33106     0.16894     0.03775    -0.03966     0.00200       8     8     0
   0.40334     0.16894     0.11586    -0.12478     0.00059       8     8     0
   0.45901     0.16894     0.17831    -0.20013    -0.01237       8     8     0
   0.49204     0.16894     0.19430    -0.22710    -0.02749       8     8     0
   0.50000     0.16894     0.19492    -0.23057    -0.03172       8     8     0
   0.00000     0.25000     0.00169    -0.00162    -0.00166       8     8     0
   0.00796     0.25000     0.00199    -0.00159    -0.00203       8     8     0
   0.04099     0.25000     0.00362    -0.00167    -0.00325       8     8     0
   0.09666     0.25000     0.00430    -0.00023    -0.00499       8     8     0
   0.16894     0.25000     0.00526     0.00009    -0.00513       8     8     0
   0.25000     0.25000     0.00782    -0.00299    -0.00299       8     8     0
   0.33106     0.25000     0.03388    -0.03147     0.00467       8     8     0
   0.40334     0.25000     0.11564    -0.11817     0.02161       8     8     0
   0.45901     0.25000     0.20335    -0.21578     0.03220       8     8     0
   0.49204     0.25000     0.23947    -0.26223     0.02851       8     8     0
   0.50000     0.25000     0.24374    -0.26950     0.02576       8     8     0
   0.00000     0.33106     0.01335    -0.01334    -0.01449       8     8     0
   0.00796     0.33106     0.01544    -0.01287    -0.01686       8     8     0
   0.04099     0.33106     0.02393    -0.01089    -0.02540       8     8     0
   0.09666     0.33106     0.03364    -0.00535    -0.03579       8     8     0
   0.16894     0.33106     0.03775     0.00200    -0.03966       8     8     0
   0.25000     0.33106     0.03388     0.00467    -0.03147       8     8     0
   0.33106     0.33106     0.03964    -0.01258    -0.01258       8     8     0
   0.40334     0.33106     0.09822    -0.08228     0.02042       8     8     0
   0.45901     0.33106     0.19528    -0.18768     0.05788       8     8     0
   0.49204     0.33106     0.25826    -0.25789     0.07703       8     8     0
   0.50000     0.33106     0.27074    -0.27265     0.07983       8     8     0
   0.00000     0.40334     0.04895    -0.04890    -0.05427       8     8     0
   0.00796     0.40334     0.05357    -0.04736    -0.05961       8     8     0
   0.04099     0.40334     0.07163    -0.03973    -0.07993       8     8     0
   0.09666     0.40334     0.09658    -0.02350    -0.10650       8     8     0
   0.16894     0.40334     0.11586     0.00059    -0.12478       8     8     0
   0.25000     0.40334     0.11564     0.02161    -0.11817       8     8     0
   0.33106     0.40334     0.09822     0.02042    -0.08228       8     8     0
   0.40334     0.40334     0.10823    -0.02692    -0.02692       8     8     0
   0.45901     0.40334     0.17279    -0.11803     0.03451       8     8     0
   0.49204     0.40334     0.23798    -0.19543     0.07697       8     8     0
   0.50000     0.40334     0.25518    -0.21537     0.08699       8     8     0
   0.00000     0.45901     0.09082    -0.09053    -0.10419       8     8     0
   0.00796     0.45901     0.09537    -0.08784    -0.10989       8     8     0
   0.04099     0.45901     0.11381    -0.07507    -0.13266       8     8     0
   0.09666     0.45901     0.14339    -0.05023    -0.16607       8     8     0
   0.16894     0.45901     0.17831    -0.01237    -0.20013       8     8     0
   0.25000     0.45901     0.20335     0.03220    -0.21578       8     8     0
   0.33106     0.45901     0.19528     0.05788    -0.18768       8     8     0
   0.40334     0.45901     0.17279     0.03451    -0.11803       8     8     0
   0.45901     0.45901     0.18720    -0.03666    -0.03666       8     8     0
   0.49204     0.45901     0.22635    -0.10702     0.02218       8     8     0
   0.50000     0.45901     0.23971    -0.12714     0.03739       8     8     0
   0.00000     0.49204     0.11331    -0.11312    -0.13401       8     8     0
   0.00796     0.49204     0.11660    -0.10982    -0.13858       8     8     0
   0.04099     0.49204     0.13024    -0.09530    -0.15732       8     8     0
   0.09666     0.49204     0.15548    -0.06854    -0.18783       8     8     0
   0.16894     0.49204     0.19430    -0.02749    -0.22710       8     8     0
   0.25000     0.49204     0.23947     0.02851    -0.26223       8     8     0
   0.33106     0.49204     0.25826     0.07703    -0.25789       8     8     0
   0.40334     0.49204     0.23798     0.07697    -0.19543       8     8     0
   0.45901     0.49204     0.22635     0.02218    -0.10702       8     8     0
   0.49204     0.49204     0.24193    -0.04001    -0.04001       8     8     0
   0.50000     0.49204     0.24964    -0.05860    -0.02228       8     8     0
   0.00000     0.50000     0.11756    -0.11749    -0.14022       8     8     0
   0.00796     0.50000     0.12053    -0.11406    -0.14450       8     8     0
   0.04099     0.50000     0.13279    -0.09937    -0.16197       8     8     0
   0.09666     0.50000     0.15640    -0.07265    -0.19117       8     8     0
   0.16894     0.50000     0.19492    -0.03172    -0.23057       8     8     0
   0.25000     0.50000     0.24374     0.02576    -0.26950       8     8     0
   0.33106     0.50000     0.27074     0.07983    -0.27265       8     8     0
   0.40334     0.50000     0.25518     0.08699    -0.21537       8     8     0
   0.45901     0.50000     0.23971     0.03739    -0.12714       8     8     0
   0.49204     0.50000     0.24964    -0.02228    -0.05860       8     8     0
   0.50000     0.50000     0.25579    -0.04035    -0.04035       8     8     0
ZONE T= "IEL     2",  I=11,  J=11,  SOLUTIONTIME=   1.28020,  DATAPACKING = POINT
   0.00000     0.50000     0.11792    -0.11779    -0.14055       8     8     0
   0.00796     0.50000     0.12081    -0.11433    -0.14477       8     8     0
   0.04099     0.50000     0.13288    -0.09956    -0.16206       8     8     0
   0.09666     0.50000     0.15640    -0.07285    -0.19113       8     8     0
   0.16894     0.50000     0.19525    -0.03179    -0.23088       8     8     0
   0.25000     0.50000     0.24492     0.02615    -0.27044       8     8     0
   0.33106     0.50000     0.27179     0.08026    -0.27360       8     8     0
   0.40334     0.50000     0.25505     0.08695    -0.21584       8     8     0
   0.45901     0.50000     0.23918     0.03704    -0.12725       8     8     0
   0.49204     0.50000     0.24928    -0.02261    -0.05865       8     8     0
   0.50000     0.50000     0.25547    -0.04063    -0.04041       8     8     0
   0.00000     0.50796     0.12199    -0.12198    -0.14673       8     8     0
   0.00796     0.50796     0.12447    -0.11839    -0.15052       8     8     0
   0.04099     0.50796     0.13485    -0.10349    -0.16617       8     8     0
   0.09666     0.50796     0.15633    -0.07701    -0.19351       8     8     0
   0.16894     0.50796     0.19478    -0.03632    -0.23333       8     8     0
   0.25000     0.50796     0.24831     0.02294    -0.27727       8     8     0
   0.33106     0.50796     0.28394     0.08264    -0.28842       8     8     0
   0.40334     0.50796     0.27303     0.09694    -0.23599       8     8     0
   0.45901     0.50796     0.25422     0.05262    -0.14803       8     8     0
   0.49204     0.50796     0.25886    -0.00439    -0.07831       8     8     0
   0.50000     0.50796     0.26348    -0.02188    -0.05964       8     8     0
   0.00000     0.54099     0.13350    -0.13409    -0.16748       8     8     0
   0.00796     0.54099     0.13416    -0.13014    -0.16935       8     8     0
   0.04099     0.54099     0.13676    -0.11569    -0.17704       8     8     0
   0.09666     0.54099     0.14793    -0.09223    -0.19485       8     8     0
   0.16894     0.54099     0.18044    -0.05636    -0.23118       8     8     0
   0.25000     0.54099     0.24499     0.00317    -0.28896       8     8     0
   0.33106     0.54099     0.31825     0.08302    -0.33631       8     8     0
   0.40334     0.54099     0.34316     0.13197    -0.31797       8     8     0
   0.45901     0.54099     0.32555     0.11568    -0.24201       8     8     0
   0.49204     0.54099     0.31335     0.07299    -0.17164       8     8     0
   0.50000     0.54099     0.31213     0.05869    -0.15209       8     8     0
   0.00000     0.59666     0.13200    -0.13340    -0.18164       8     8     0
   0.00796     0.59666     0.12996    -0.12984    -0.18041       8     8     0
   0.04099     0.59666     0.12121    -0.11918    -0.17515       8     8     0
   0.09666     0.59666     0.11419    -0.10601    -0.17424       8     8     0
   0.16894     0.59666     0.12595    -0.08736    -0.19385       8     8     0
   0.25000     0.59666     0.18055    -0.04763    -0.25178       8     8     0
   0.33106     0.59666     0.29363     0.04052    -0.34617       8     8     0
   0.40334     0.59666     0.40657     0.14763    -0.41175       8     8     0
   0.45901     0.59666     0.44920     0.20016    -0.39774       8     8     0
   0.49204     0.59666     0.44540     0.19724    -0.35000       8     8     0
   0.50000     0.59666     0.44198     0.19171    -0.33411       8     8     0
   0.00000     0.66894     0.10385    -0.10352    -0.16835       8     8     0
   0.00796     0.66894     0.09971    -0.10276    -0.16452       8     8     0
   0.04099     0.66894     0.08557    -0.10007    -0.15078       8     8     0
   0.09666     0.66894     0.06643    -0.10112    -0.13486       8     8     0
   0.16894     0.66894     0.05214    -0.10724    -0.13066       8     8     0
   0.25000     0.66894     0.06085    -0.10902    -0.15711       8     8     0
   0.33106     0.66894     0.13896    -0.06776    -0.24442       8     8     0
   0.40334     0.66894     0.30827     0.05400    -0.38108       8     8     0
   0.45901     0.66894     0.47072     0.19124    -0.48012       8     8     0
   0.49204     0.66894     0.54776     0.26323    -0.50763       8     8     0
   0.50000     0.66894     0.56182     0.27664    -0.50896       8     8     0
   0.00000     0.75000     0.06362    -0.06044    -0.13298       8     8     0
   0.00796     0.75000     0.05939    -0.06311    -0.12849       8     8     0
   0.04099     0.75000     0.04820    -0.06927    -0.11492       8     8     0
   0.09666     0.75000     0.03132    -0.08084    -0.09791       8     8     0
   0.16894     0.75000     0.00668    -0.10321    -0.08292       8     8     0
   0.25000     0.75000    -0.02211    -0.13501    -0.07837       8     8     0
   0.33106     0.75000    -0.03623    -0.16699    -0.10559       8     8     0
   0.40334     0.75000     0.04616    -0.12914    -0.20724       8     8     0
   0.45901     0.75000     0.22972     0.00192    -0.35292       8     8     0
   0.49204     0.75000     0.38206     0.12276    -0.45257       8     8     0
   0.50000     0.75000     0.42045     0.15437    -0.47548       8     8     0
   0.00000     0.83106     0.02952    -0.02789    -0.09091       8     8     0
   0.00796     0.83106     0.02761    -0.03135    -0.08778       8     8     0
   0.04099     0.83106     0.02101    -0.04361    -0.07780       8     8     0
   0.09666     0.83106     0.00986    -0.06213    -0.06553       8     8     0
   0.16894     0.83106    -0.01229    -0.09031    -0.05288       8     8     0
   0.25000     0.83106    -0.04756    -0.13012    -0.04287       8     8     0
   0.33106     0.83106    -0.10652    -0.19406    -0.03648       8     8     0
   0.40334     0.83106    -0.15021    -0.25234    -0.06172       8     8     0
   0.45901     0.83106    -0.08939    -0.22409    -0.14573       8     8     0
   0.49204     0.83106     0.02331    -0.14218    -0.23480       8     8     0
   0.50000     0.83106     0.05971    -0.11395    -0.26024       8     8     0
   0.00000     0.90334     0.00875    -0.00984    -0.05155       8     8     0
   0.00796     0.90334     0.00895    -0.01298    -0.05021       8     8     0
   0.04099     0.90334     0.00570    -0.02807    -0.04456       8     8     0
   0.09666     0.90334    -0.00246    -0.05092    -0.03712       8     8     0
   0.16894     0.90334    -0.02083    -0.08118    -0.02949       8     8     0
   0.25000     0.90334    -0.05518    -0.12302    -0.02215       8     8     0
   0.33106     0.90334    -0.11713    -0.18864    -0.01426       8     8     0
   0.40334     0.90334    -0.21042    -0.28346    -0.01186       8     8     0
   0.45901     0.90334    -0.25486    -0.33559    -0.03780       8     8     0
   0.49204     0.90334    -0.22460    -0.31844    -0.07994       8     8     0
   0.50000     0.90334    -0.20728    -0.30575    -0.09407       8     8     0
   0.00000     0.95901     0.00092    -0.00265    -0.02183       8     8     0
   0.00796     0.95901     0.00168    -0.00587    -0.02137       8     8     0
   0.04099     0.95901    -0.00019    -0.02195    -0.01903       8     8     0
   0.09666     0.95901    -0.00719    -0.04635    -0.01583       8     8     0
   0.16894     0.95901    -0.02336    -0.07721    -0.01269       8     8     0
   0.25000     0.95901    -0.05609    -0.11921    -0.00949       8     8     0
   0.33106     0.95901    -0.11729    -0.18357    -0.00555       8     8     0
   0.40334     0.95901    -0.22115    -0.28597    -0.00124       8     8     0
   0.45901     0.95901    -0.30373    -0.36734    -0.00699       8     8     0
   0.49204     0.95901    -0.31477    -0.38169    -0.02177       8     8     0
   0.50000     0.95901    -0.30902    -0.37785    -0.02723       8     8     0
   0.00000     0.99204    -0.00083    -0.00103    -0.00419       8     8     0
   0.00796     0.99204     0.00004    -0.00428    -0.00411       8     8     0
   0.04099     0.99204    -0.00152    -0.02058    -0.00366       8     8     0
   0.09666     0.99204    -0.00835    -0.04536    -0.00301       8     8     0
   0.16894     0.99204    -0.02422    -0.07643    -0.00235       8     8     0
   0.25000     0.99204    -0.05671    -0.11865    -0.00165       8     8     0
   0.33106     0.99204    -0.11711    -0.18232    -0.00105       8     8     0
   0.40334     0.99204    -0.22142    -0.28507    -0.00041       8     8     0
   0.45901     0.99204    -0.31135    -0.37223    -0.00128       8     8     0
   0.49204     0.99204    -0.33214    -0.39389    -0.00381       8     8     0
   0.50000     0.99204    -0.32933    -0.39220    -0.00479       8     8     0
   0.00000     1.00000    -0.00113    -0.00080     0.00027       8     8     0
   0.00796     1.00000    -0.00020    -0.00403     0.00021       8     8     0
   0.04099     1.00000    -0.00162    -0.02033     0.00007       8     8     0
   0.09666     1.00000    -0.00840    -0.04518     0.00006       8     8     0
   0.16894     1.00000    -0.02441    -0.07637     0.00026       8     8     0
   0.25000     1.00000    -0.05774    -0.11909     0.00118       8     8     0
   0.33106     1.00000    -0.11846    -0.18300     0.00133       8     8     0
   0.40334     1.00000    -0.22083    -0.28464    -0.00089       8     8     0
   0.45901     1.00000    -0.30937    -0.37090    -0.00247       8     8     0
   0.49204     1.00000    -0.33055    -0.39283    -0.00224       8     8     0
   0.50000     1.00000    -0.32800    -0.39135    -0.00204       8     8     0
ZONE T= "IEL     3",  I=11,  J=11,  SOLUTIONTIME=   1.28020,  DATAPACKING = POINT
   0.50000     0.50000     0.25515    -0.04071    -0.04071       8     8     0
   0.50796     0.50000     0.26319    -0.05987    -0.02198       8     8     0
   0.54099     0.50000     0.31206    -0.15198     0.05854       8     8     0
   0.59666     0.50000     0.44185    -0.33343     0.19163       8     8     0
   0.66894     0.50000     0.56367    -0.50922     0.27902       8     8     0
   0.75000     0.50000     0.42329    -0.47754     0.15720       8     8     0
   0.83106     0.50000     0.05748    -0.26078    -0.11662       8     8     0
   0.90334     0.50000    -0.21063    -0.09213    -0.30911       8     8     0
   0.95901     0.50000    -0.30844    -0.02582    -0.37713       8     8     0
   0.99204     0.50000    -0.32742    -0.00446    -0.39014       8     8     0
   1.00000     0.50000    -0.32617    -0.00186    -0.38934       8     8     0
   0.50000     0.50796     0.26319    -0.02198    -0.05987       8     8     0
   0.50796     0.50796     0.26963    -0.04068    -0.04068       8     8     0
   0.54099     0.50796     0.31211    -0.13191     0.04269       8     8     0
   0.59666     0.50796     0.43756    -0.31656     0.18428       8     8     0
   0.66894     0.50796     0.57298    -0.50768     0.28875       8     8     0
   0.75000     0.50796     0.45919    -0.49754     0.18652       8     8     0
   0.83106     0.50796     0.10049    -0.28740    -0.08273       8     8     0
   0.90334     0.50796    -0.18545    -0.10971    -0.28910       8     8     0
   0.95901     0.50796    -0.29934    -0.03329    -0.37019       8     8     0
   0.99204     0.50796    -0.32274    -0.00587    -0.38678       8     8     0
   1.00000     0.50796    -0.32178    -0.00172    -0.38617       8     8     0
   0.50000     0.54099     0.31206     0.05854    -0.15198       8     8     0
   0.50796     0.54099     0.31211     0.04269    -0.13191       8     8     0
   0.54099     0.54099     0.32627    -0.03994    -0.03994       8     8     0
   0.59666     0.54099     0.41825    -0.22721     0.13070       8     8     0
   0.66894     0.54099     0.59642    -0.47628     0.31218       8     8     0
   0.75000     0.54099     0.60643    -0.57089     0.31377       8     8     0
   0.83106     0.54099     0.29645    -0.40720     0.07458       8     8     0
   0.90334     0.54099    -0.04661    -0.19327    -0.17899       8     8     0
   0.95901     0.54099    -0.21041    -0.06986    -0.29794       8     8     0
   0.99204     0.54099    -0.24753    -0.01276    -0.32447       8     8     0
   1.00000     0.54099    -0.24842    -0.00022    -0.32519       8     8     0
   0.50000     0.59666     0.44185     0.19163    -0.33343       8     8     0
   0.50796     0.59666     0.43756     0.18428    -0.31656       8     8     0
   0.54099     0.59666     0.41825     0.13070    -0.22721       8     8     0
   0.59666     0.59666     0.41683    -0.03275    -0.03275       8     8     0
   0.66894     0.59666     0.55603    -0.32816     0.24495       8     8     0
   0.75000     0.59666     0.75084    -0.59330     0.44657       8     8     0
   0.83106     0.59666     0.66287    -0.59294     0.37998       8     8     0
   0.90334     0.59666     0.35005    -0.37491     0.14663       8     8     0
   0.95901     0.59666     0.14483    -0.15966    -0.00462       8     8     0
   0.99204     0.59666     0.09344    -0.03061    -0.04197       8     8     0
   1.00000     0.59666     0.08930     0.00238    -0.04514       8     8     0
   0.50000     0.66894     0.56367     0.27902    -0.50922       8     8     0
   0.50796     0.66894     0.57298     0.28875    -0.50768       8     8     0
   0.54099     0.66894     0.59642     0.31218    -0.47628       8     8     0
   0.59666     0.66894     0.55603     0.24495    -0.32816       8     8     0
   0.66894     0.66894     0.50852    -0.01818    -0.01818       8     8     0
   0.75000     0.66894     0.68244    -0.39508     0.35784       8     8     0
   0.83106     0.66894     0.92632    -0.63290     0.60595       8     8     0
   0.90334     0.66894     0.95334    -0.54484     0.63425       8     8     0
   0.95901     0.66894     0.88979    -0.26943     0.58705       8     8     0
   0.99204     0.66894     0.86978    -0.05388     0.57102       8     8     0
   1.00000     0.66894     0.86735     0.00117     0.56942       8     8     0
   0.50000     0.75000     0.42329     0.15720    -0.47754       8     8     0
   0.50796     0.75000     0.45919     0.18652    -0.49754       8     8     0
   0.54099     0.75000     0.60643     0.31377    -0.57089       8     8     0
   0.59666     0.75000     0.75084     0.44657    -0.59330       8     8     0
   0.66894     0.75000     0.68244     0.35784    -0.39508       8     8     0
   0.75000     0.75000     0.59515     0.01950     0.01950       8     8     0
   0.83106     0.75000     0.89066    -0.29963     0.51530       8     8     0
   0.90334     0.75000     1.38192    -0.35932     0.94536       8     8     0
   0.95901     0.75000     1.66935    -0.19838     1.16898       8     8     0
   0.99204     0.75000     1.73936    -0.04059     1.22080       8     8     0
   1.00000     0.75000     1.74338    -0.00160     1.22440       8     8     0
   0.50000     0.83106     0.05748    -0.11662    -0.26078       8     8     0
   0.50796     0.83106     0.10049    -0.08273    -0.28740       8     8     0
   0.54099     0.83106     0.29645     0.07458    -0.40720       8     8     0
   0.59666     0.83106     0.66287     0.37998    -0.59294       8     8     0
   0.66894     0.83106     0.92632     0.60595    -0.63290       8     8     0
   0.75000     0.83106     0.89066     0.51530    -0.29963       8     8     0
   0.83106     0.83106     1.03925     0.32949     0.32949       8     8     0
   0.90334     0.83106     1.53162     0.20462     0.94935       8     8     0
   0.95901     0.83106     1.89371     0.09437     1.28910       8     8     0
   0.99204     0.83106     1.98464     0.01857     1.36939       8     8     0
   1.00000     0.83106     1.98901    -0.00021     1.37306       8     8     0
   0.50000     0.90334    -0.21063    -0.30911    -0.09213       8     8     0
   0.50796     0.90334    -0.18545    -0.28910    -0.10971       8     8     0
   0.54099     0.90334    -0.04661    -0.17899    -0.19327       8     8     0
   0.59666     0.90334     0.35005     0.14663    -0.37491       8     8     0
   0.66894     0.90334     0.95334     0.63425    -0.54484       8     8     0
   0.75000     0.90334     1.38192     0.94536    -0.35932       8     8     0
   0.83106     0.90334     1.53162     0.94935     0.20462       8     8     0
   0.90334     0.90334     1.57980     0.70209     0.70209       8     8     0
   0.95901     0.90334     1.60066     0.33478     0.92016       8     8     0
   0.99204     0.90334     1.60395     0.06643     0.96667       8     8     0
   1.00000     0.90334     1.60370     0.00079     0.96731       8     8     0
   0.50000     0.95901    -0.30844    -0.37713    -0.02582       8     8     0
   0.50796     0.95901    -0.29934    -0.37019    -0.03329       8     8     0
   0.54099     0.95901    -0.21041    -0.29794    -0.06986       8     8     0
   0.59666     0.95901     0.14483    -0.00462    -0.15966       8     8     0
   0.66894     0.95901     0.88979     0.58705    -0.26943       8     8     0
   0.75000     0.95901     1.66935     1.16898    -0.19838       8     8     0
   0.83106     0.95901     1.89371     1.28910     0.09437       8     8     0
   0.90334     0.95901     1.60066     0.92016     0.33478       8     8     0
   0.95901     0.95901     1.32235     0.41964     0.41964       8     8     0
   0.99204     0.95901     1.24811     0.08261     0.43521       8     8     0
   1.00000     0.95901     1.24494     0.00001     0.43506       8     8     0
   0.50000     0.99204    -0.32742    -0.39014    -0.00446       8     8     0
   0.50796     0.99204    -0.32274    -0.38678    -0.00587       8     8     0
   0.54099     0.99204    -0.24753    -0.32447    -0.01276       8     8     0
   0.59666     0.99204     0.09344    -0.04197    -0.03061       8     8     0
   0.66894     0.99204     0.86978     0.57102    -0.05388       8     8     0
   0.75000     0.99204     1.73936     1.22080    -0.04059       8     8     0
   0.83106     0.99204     1.98464     1.36939     0.01857       8     8     0
   0.90334     0.99204     1.60395     0.96667     0.06643       8     8     0
   0.95901     0.99204     1.24811     0.43521     0.08261       8     8     0
   0.99204     0.99204     1.15373     0.08547     0.08547       8     8     0
   1.00000     0.99204     1.14990    -0.00029     0.08541       8     8     0
   0.50000     1.00000    -0.32617    -0.38934    -0.00186       8     8     0
   0.50796     1.00000    -0.32178    -0.38617    -0.00172       8     8     0
   0.54099     1.00000    -0.24842    -0.32519    -0.00022       8     8     0
   0.59666     1.00000     0.08930    -0.04514     0.00238       8     8     0
   0.66894     1.00000     0.86735     0.56942     0.00117       8     8     0
   0.75000     1.00000     1.74338     1.22440    -0.00160       8     8     0
   0.83106     1.00000     1.98901     1.37306    -0.00021       8     8     0
   0.90334     1.00000     1.60370     0.96731     0.00079       8     8     0
   0.95901     1.00000     1.24494     0.43506     0.00001       8     8     0
   0.99204     1.00000     1.14990     0.08541    -0.00029       8     8     0
   1.00000     1.00000     1.14610    -0.00036    -0.00036       8     8     0
ZONE T= "IEL     4",  I=11,  J=11,  SOLUTIONTIME=   1.28020,  DATAPACKING = POINT
   0.50000     0.00000     0.11792    -0.14055    -0.11779       8     8     0
   0.50796     0.00000     0.12199    -0.14673    -0.12198       8     8     0
   0.54099     0.00000     0.13350    -0.16748    -0.13409       8     8     0
   0.59666     0.00000     0.13200    -0.18164    -0.13340       8     8     0
   0.66894     0.00000     0.10385    -0.16835    -0.10352       8     8     0
   0.75000     0.00000     0.06362    -0.13298    -0.06044       8     8     0
   0.83106     0.00000     0.02952    -0.09091    -0.02789       8     8     0
   0.90334     0.00000     0.00875    -0.05155    -0.00984       8     8     0
   0.95901     0.00000     0.00092    -0.02183    -0.00265       8     8     0
   0.99204     0.00000    -0.00083    -0.00419    -0.00103       8     8     0
   1.00000     0.00000    -0.00113     0.00027    -0.00080       8     8     0
   0.50000     0.00796     0.12081    -0.14477    -0.11433       8     8     0
   0.50796     0.00796     0.12447    -0.15052    -0.11839       8     8     0
   0.54099     0.00796     0.13416    -0.16935    -0.13014       8     8     0
   0.59666     0.00796     0.12996    -0.18041    -0.12984       8     8     0
   0.66894     0.00796     0.09971    -0.16452    -0.10276       8     8     0
   0.75000     0.00796     0.05939    -0.12849    -0.06311       8     8     0
   0.83106     0.00796     0.02761    -0.08778    -0.03135       8     8     0
   0.90334     0.00796     0.00895    -0.05021    -0.01298       8     8     0
   0.95901     0.00796     0.00168    -0.02137    -0.00587       8     8     0
   0.99204     0.00796     0.00004    -0.00411    -0.00428       8     8     0
   1.00000     0.00796    -0.00020     0.00021    -0.00403       8     8     0
   0.50000     0.04099     0.13288    -0.16206    -0.09956       8     8     0
   0.50796     0.04099     0.13485    -0.16617    -0.10349       8     8     0
   0.54099     0.04099     0.13676    -0.17704    -0.11569       8     8     0
   0.59666     0.04099     0.12121    -0.17515    -0.11918       8     8     0
   0.66894     0.04099     0.08557    -0.15078    -0.10007       8     8     0
   0.75000     0.04099     0.04820    -0.11492    -0.06927       8     8     0
   0.83106     0.04099     0.02101    -0.07780    -0.04361       8     8     0
   0.90334     0.04099     0.00570    -0.04456    -0.02807       8     8     0
   0.95901     0.04099    -0.00019    -0.01903    -0.02195       8     8     0
   0.99204     0.04099    -0.00152    -0.00366    -0.02058       8     8     0
   1.00000     0.04099    -0.00162     0.00007    -0.02033       8     8     0
   0.50000     0.09666     0.15640    -0.19113    -0.07285       8     8     0
   0.50796     0.09666     0.15633    -0.19351    -0.07701       8     8     0
   0.54099     0.09666     0.14793    -0.19485    -0.09223       8     8     0
   0.59666     0.09666     0.11419    -0.17424    -0.10601       8     8     0
   0.66894     0.09666     0.06643    -0.13486    -0.10112       8     8     0
   0.75000     0.09666     0.03132    -0.09791    -0.08084       8     8     0
   0.83106     0.09666     0.00986    -0.06553    -0.06213       8     8     0
   0.90334     0.09666    -0.00246    -0.03712    -0.05092       8     8     0
   0.95901     0.09666    -0.00719    -0.01583    -0.04635       8     8     0
   0.99204     0.09666    -0.00835    -0.00301    -0.04536       8     8     0
   1.00000     0.09666    -0.00840     0.00006    -0.04518       8     8     0
   0.50000     0.16894     0.19525    -0.23088    -0.03179       8     8     0
   0.50796     0.16894     0.19478    -0.23333    -0.03632       8     8     0
   0.54099     0.16894     0.18044    -0.23118    -0.05636       8     8     0
   0.59666     0.16894     0.12595    -0.19385    -0.08736       8     8     0
   0.66894     0.16894     0.05214    -0.13066    -0.10724       8     8     0
   0.75000     0.16894     0.00668    -0.08292    -0.10321       8     8     0
   0.83106     0.16894    -0.01229    -0.05288    -0.09031       8     8     0
   0.90334     0.16894    -0.02083    -0.02949    -0.08118       8     8     0
   0.95901     0.16894    -0.02336    -0.01269    -0.07721       8     8     0
   0.99204     0.16894    -0.02422    -0.00235    -0.07643       8     8     0
   1.00000     0.16894    -0.02441     0.00026    -0.07637       8     8     0
   0.50000     0.25000     0.24492    -0.27044     0.02615       8     8     0
   0.50796     0.25000     0.24831    -0.27727     0.02294       8     8     0
   0.54099     0.25000     0.24499    -0.28896     0.00317       8     8     0
   0.59666     0.25000     0.18055    -0.25178    -0.04763       8     8     0
   0.66894     0.25000     0.06085    -0.15711    -0.10902       8     8     0
   0.75000     0.25000    -0.02211    -0.07837    -0.13501       8     8     0
   0.83106     0.25000    -0.04756    -0.04287    -0.13012       8     8     0
   0.90334     0.25000    -0.05518    -0.02215    -0.12302       8     8     0
   0.95901     0.25000    -0.05609    -0.00949    -0.11921       8     8     0
   0.99204     0.25000    -0.05671    -0.00165    -0.11865       8     8     0
   1.00000     0.25000    -0.05774     0.00118    -0.11909       8     8     0
   0.50000     0.33106     0.27179    -0.27360     0.08026       8     8     0
   0.50796     0.33106     0.28394    -0.28842     0.08264       8     8     0
   0.54099     0.33106     0.31825    -0.33631     0.08302       8     8     0
   0.59666     0.33106     0.29363    -0.34617     0.04052       8     8     0
   0.66894     0.33106     0.13896    -0.24442    -0.06776       8     8     0
   0.75000     0.33106    -0.03623    -0.10559    -0.16699       8     8     0
   0.83106     0.33106    -0.10652    -0.03648    -0.19406       8     8     0
   0.90334     0.33106    -0.11713    -0.01426    -0.18864       8     8     0
   0.95901     0.33106    -0.11729    -0.00555    -0.18357       8     8     0
   0.99204     0.33106    -0.11711    -0.00105    -0.18232       8     8     0
   1.00000     0.33106    -0.11846     0.00133    -0.18300       8     8     0
   0.50000     0.40334     0.25505    -0.21584     0.08695       8     8     0
   0.50796     0.40334     0.27303    -0.23599     0.09694       8     8     0
   0.54099     0.40334     0.34316    -0.31797     0.13197       8     8     0
   0.59666     0.40334     0.40657    -0.41175     0.14763       8     8     0
   0.66894     0.40334     0.30827    -0.38108     0.05400       8     8     0
   0.75000     0.40334     0.04616    -0.20724    -0.12914       8     8     0
   0.83106     0.40334    -0.15021    -0.06172    -0.25234       8     8     0
   0.90334     0.40334    -0.21042    -0.01186    -0.28346       8     8     0
   0.95901     0.40334    -0.22115    -0.00124    -0.28597       8     8     0
   0.99204     0.40334    -0.22142    -0.00041    -0.28507       8     8     0
   1.00000     0.40334    -0.22083    -0.00089    -0.28464       8     8     0
   0.50000     0.45901     0.23918    -0.12725     0.03704       8     8     0
   0.50796     0.45901     0.25422    -0.14803     0.05262       8     8     0
   0.54099     0.45901     0.32555    -0.24201     0.11568       8     8     0
   0.59666     0.45901     0.44920    -0.39774     0.20016       8     8     0
   0.66894     0.45901     0.47072    -0.48012     0.19124       8     8     0
   0.75000     0.45901     0.22972    -0.35292     0.00192       8     8     0
   0.83106     0.45901    -0.08939    -0.14573    -0.22409       8     8     0
   0.90334     0.45901    -0.25486    -0.03780    -0.33559       8     8     0
   0.95901     0.45901    -0.30373    -0.00699    -0.36734       8     8     0
   0.99204     0.45901    -0.31135    -0.00128    -0.37223       8     8     0
   1.00000     0.45901    -0.30937    -0.00247    -0.37090       8     8     0
   0.50000     0.49204     0.24928    -0.05865    -0.02261       8     8     0
   0.50796     0.49204     0.25886    -0.07831    -0.00439       8     8     0
   0.54099     0.49204     0.31335    -0.17164     0.07299       8     8     0
   0.59666     0.49204     0.44540    -0.35000     0.19724       8     8     0
   0.66894     0.49204     0.54776    -0.50763     0.26323       8     8     0
   0.75000     0.49204     0.38206    -0.45257     0.12276       8     8     0
   0.83106     0.49204     0.02331    -0.23480    -0.14218       8     8     0
   0.90334     0.49204    -0.22460    -0.07994    -0.31844       8     8     0
   0.95901     0.49204    -0.31477    -0.02177    -0.38169       8     8     0
   0.99204     0.49204    -0.33214    -0.00381    -0.39389       8     8     0
   1.00000     0.49204    -0.33055    -0.00224    -0.39283       8     8     0
   0.50000     0.50000     0.25547    -0.04041    -0.04063       8     8     0
   0.50796     0.50000     0.26348    -0.05964    -0.02188       8     8     0
   0.54099     0.50000     0.31213    -0.15209     0.05869       8     8     0
   0.59666     0.50000     0.44198    -0.33411     0.19171       8     8     0
   0.66894     0.50000     0.56182    -0.50896     0.27664       8     8     0
   0.75000     0.50000     0.42045    -0.47548     0.15437       8     8     0
   0.83106     0.50000     0.05971    -0.26024    -0.11395       8     8     0
   0.90334     0.50000    -0.20728    -0.09407    -0.30575       8     8     0
   0.95901     0.50000    -0.30902    -0.02723    -0.37785       8     8     0
   0.99204     0.50000    -0.32933    -0.00479    -0.39220       8     8     0
   1.00000     0.50000    -0.32800    -0.00204    -0.39135       8     8     0
