TITLE = "MESH AND SOLUTIONS"
VARIABLES = "X", "Y", "PRESSURE", "U", "V",  "N", "M", "PROC"
ZONE T= "IEL     1",  I=11,  J=11,  SOLUTIONTIME=   1.58020,  DATAPACKING = POINT
   0.00000     0.00000    -0.00000    -0.00000    -0.00000       8     8     0
   0.00796     0.00000    -0.00000     0.00001    -0.00000       8     8     0
   0.04099     0.00000    -0.00000     0.00009    -0.00000       8     8     0
   0.09666     0.00000    -0.00000     0.00006     0.00000       8     8     0
   0.16894     0.00000    -0.00000    -0.00003     0.00000       8     8     0
   0.25000     0.00000     0.00000     0.00002    -0.00000       8     8     0
   0.33106     0.00000     0.00000    -0.00002    -0.00000       8     8     0
   0.40334     0.00000     0.00001     0.00002    -0.00001       8     8     0
   0.45901     0.00000     0.00001     0.00001    -0.00001       8     8     0
   0.49204     0.00000     0.00000    -0.00002     0.00000       8     8     0
   0.50000     0.00000    -0.00000     0.00001     0.00000       8     8     0
   0.00000     0.00796    -0.00000    -0.00000     0.00001       8     8     0
   0.00796     0.00796     0.00000    -0.00001    -0.00001       8     8     0
   0.04099     0.00796    -0.00000     0.00003    -0.00001       8     8     0
   0.09666     0.00796    -0.00000     0.00002     0.00001       8     8     0
   0.16894     0.00796    -0.00000    -0.00002    -0.00000       8     8     0
   0.25000     0.00796    -0.00000     0.00002    -0.00000       8     8     0
   0.33106     0.00796     0.00000    -0.00002     0.00000       8     8     0
   0.40334     0.00796     0.00001     0.00001    -0.00001       8     8     0
   0.45901     0.00796     0.00001     0.00001     0.00000       8     8     0
   0.49204     0.00796     0.00000    -0.00001    -0.00001       8     8     0
   0.50000     0.00796    -0.00000     0.00001    -0.00003       8     8     0
   0.00000     0.04099    -0.00000    -0.00000     0.00009       8     8     0
   0.00796     0.04099    -0.00000    -0.00001     0.00003       8     8     0
   0.04099     0.04099    -0.00000    -0.00003    -0.00003       8     8     0
   0.09666     0.04099    -0.00000    -0.00002     0.00002       8     8     0
   0.16894     0.04099    -0.00000    -0.00000    -0.00001       8     8     0
   0.25000     0.04099    -0.00000     0.00000     0.00000       8     8     0
   0.33106     0.04099    -0.00000    -0.00000     0.00001       8     8     0
   0.40334     0.04099     0.00001    -0.00000    -0.00002       8     8     0
   0.45901     0.04099     0.00001     0.00001     0.00002       8     8     0
   0.49204     0.04099     0.00001     0.00001    -0.00003       8     8     0
   0.50000     0.04099     0.00001     0.00001    -0.00008       8     8     0
   0.00000     0.09666    -0.00000     0.00000     0.00006       8     8     0
   0.00796     0.09666    -0.00000     0.00001     0.00002       8     8     0
   0.04099     0.09666    -0.00000     0.00002    -0.00002       8     8     0
   0.09666     0.09666    -0.00000     0.00001     0.00001       8     8     0
   0.16894     0.09666     0.00000     0.00000    -0.00001       8     8     0
   0.25000     0.09666    -0.00000    -0.00001    -0.00000       8     8     0
   0.33106     0.09666    -0.00000     0.00001     0.00001       8     8     0
   0.40334     0.09666    -0.00000    -0.00000    -0.00001       8     8     0
   0.45901     0.09666     0.00000    -0.00000     0.00001       8     8     0
   0.49204     0.09666     0.00001     0.00001    -0.00001       8     8     0
   0.50000     0.09666     0.00001     0.00001    -0.00002       8     8     0
   0.00000     0.16894    -0.00000     0.00000    -0.00003       8     8     0
   0.00796     0.16894    -0.00000    -0.00000    -0.00002       8     8     0
   0.04099     0.16894    -0.00000    -0.00001    -0.00000       8     8     0
   0.09666     0.16894     0.00000    -0.00001     0.00000       8     8     0
   0.16894     0.16894     0.00000     0.00000     0.00000       8     8     0
   0.25000     0.16894     0.00000    -0.00000    -0.00000       8     8     0
   0.33106     0.16894     0.00000     0.00000    -0.00000       8     8     0
   0.40334     0.16894    -0.00000    -0.00000     0.00001       8     8     0
   0.45901     0.16894    -0.00001    -0.00001    -0.00000       8     8     0
   0.49204     0.16894    -0.00001    -0.00001     0.00001       8     8     0
   0.50000     0.16894    -0.00001    -0.00001     0.00003       8     8     0
   0.00000     0.25000     0.00000    -0.00000     0.00002       8     8     0
   0.00796     0.25000    -0.00000    -0.00000     0.00002       8     8     0
   0.04099     0.25000    -0.00000     0.00000     0.00000       8     8     0
   0.09666     0.25000    -0.00000    -0.00000    -0.00001       8     8     0
   0.16894     0.25000     0.00000    -0.00000    -0.00000       8     8     0
   0.25000     0.25000    -0.00000     0.00001     0.00001       8     8     0
   0.33106     0.25000     0.00000    -0.00000    -0.00001       8     8     0
   0.40334     0.25000     0.00001     0.00000    -0.00000       8     8     0
   0.45901     0.25000     0.00000     0.00000    -0.00000       8     8     0
   0.49204     0.25000    -0.00000    -0.00000     0.00001       8     8     0
   0.50000     0.25000    -0.00000    -0.00000     0.00002       8     8     0
   0.00000     0.33106     0.00000    -0.00000    -0.00002       8     8     0
   0.00796     0.33106     0.00000     0.00000    -0.00002       8     8     0
   0.04099     0.33106    -0.00000     0.00001    -0.00000       8     8     0
   0.09666     0.33106    -0.00000     0.00001     0.00001       8     8     0
   0.16894     0.33106     0.00000    -0.00000     0.00000       8     8     0
   0.25000     0.33106     0.00000    -0.00001    -0.00000       8     8     0
   0.33106     0.33106    -0.00000     0.00000     0.00000       8     8     0
   0.40334     0.33106    -0.00000    -0.00000     0.00000       8     8     0
   0.45901     0.33106     0.00000     0.00000    -0.00000       8     8     0
   0.49204     0.33106     0.00001     0.00000    -0.00001       8     8     0
   0.50000     0.33106     0.00001     0.00001    -0.00001       8     8     0
   0.00000     0.40334     0.00001    -0.00001     0.00002       8     8     0
   0.00796     0.40334     0.00001    -0.00001     0.00001       8     8     0
   0.04099     0.40334     0.00001    -0.00002    -0.00000       8     8     0
   0.09666     0.40334    -0.00000    -0.00001    -0.00000       8     8     0
   0.16894     0.40334    -0.00000     0.00001    -0.00000       8     8     0
   0.25000     0.40334     0.00001    -0.00000     0.00000       8     8     0
   0.33106     0.40334    -0.00000     0.00000    -0.00000       8     8     0
   0.40334     0.40334    -0.00000     0.00000     0.00000       8     8     0
   0.45901     0.40334    -0.00000    -0.00001     0.00000       8     8     0
   0.49204     0.40334    -0.00001    -0.00001     0.00000       8     8     0
   0.50000     0.40334    -0.00001    -0.00001     0.00001       8     8     0
   0.00000     0.45901     0.00001    -0.00001     0.00001       8     8     0
   0.00796     0.45901     0.00001     0.00000     0.00001       8     8     0
   0.04099     0.45901     0.00001     0.00002     0.00001       8     8     0
   0.09666     0.45901     0.00000     0.00001    -0.00000       8     8     0
   0.16894     0.45901    -0.00001    -0.00000    -0.00001       8     8     0
   0.25000     0.45901     0.00000    -0.00000     0.00000       8     8     0
   0.33106     0.45901     0.00000    -0.00000     0.00000       8     8     0
   0.40334     0.45901    -0.00000     0.00000    -0.00001       8     8     0
   0.45901     0.45901    -0.00000     0.00000     0.00000       8     8     0
   0.49204     0.45901    -0.00000    -0.00000     0.00001       8     8     0
   0.50000     0.45901    -0.00001    -0.00000     0.00001       8     8     0
   0.00000     0.49204     0.00000     0.00000    -0.00002       8     8     0
   0.00796     0.49204     0.00000    -0.00001    -0.00001       8     8     0
   0.04099     0.49204     0.00001    -0.00003     0.00001       8     8     0
   0.09666     0.49204     0.00001    -0.00001     0.00001       8     8     0
   0.16894     0.49204    -0.00001     0.00001    -0.00001       8     8     0
   0.25000     0.49204    -0.00000     0.00001    -0.00000       8     8     0
   0.33106     0.49204     0.00001    -0.00001     0.00000       8     8     0
   0.40334     0.49204    -0.00001     0.00000    -0.00001       8     8     0
   0.45901     0.49204    -0.00000     0.00001    -0.00000       8     8     0
   0.49204     0.49204     0.00001     0.00000     0.00000       8     8     0
   0.50000     0.49204     0.00001     0.00000     0.00000       8     8     0
   0.00000     0.50000    -0.00000     0.00000     0.00001       8     8     0
   0.00796     0.50000    -0.00000    -0.00003     0.00001       8     8     0
   0.04099     0.50000     0.00001    -0.00008     0.00001       8     8     0
   0.09666     0.50000     0.00001    -0.00002     0.00001       8     8     0
   0.16894     0.50000    -0.00001     0.00003    -0.00001       8     8     0
   0.25000     0.50000    -0.00000     0.00002    -0.00000       8     8     0
   0.33106     0.50000     0.00001    -0.00001     0.00001       8     8     0
   0.40334     0.50000    -0.00001     0.00001    -0.00001       8     8     0
   0.45901     0.50000    -0.00001     0.00001    -0.00000       8     8     0
   0.49204     0.50000     0.00001     0.00000     0.00000       8     8     0
   0.50000     0.50000     0.00002    -0.00000    -0.00000       8     8     0
ZONE T= "IEL     2",  I=11,  J=11,  SOLUTIONTIME=   1.58020,  DATAPACKING = POINT
   0.00000     0.50000    -0.00001     0.00001     0.00000       8     8     0
   0.00796     0.50000    -0.00000     0.00001     0.00000       8     8     0
   0.04099     0.50000     0.00001    -0.00000     0.00001       8     8     0
   0.09666     0.50000     0.00002    -0.00001     0.00002       8     8     0
   0.16894     0.50000    -0.00001     0.00000    -0.00001       8     8     0
   0.25000     0.50000    -0.00001     0.00001    -0.00001       8     8     0
   0.33106     0.50000     0.00002    -0.00002     0.00002       8     8     0
   0.40334     0.50000    -0.00001    -0.00000    -0.00000       8     8     0
   0.45901     0.50000    -0.00002     0.00003    -0.00002       8     8     0
   0.49204     0.50000     0.00000     0.00002    -0.00001       8     8     0
   0.50000     0.50000     0.00001     0.00001    -0.00001       8     8     0
   0.00000     0.50796    -0.00000     0.00001     0.00000       8     8     0
   0.00796     0.50796    -0.00000     0.00000     0.00000       8     8     0
   0.04099     0.50796     0.00001    -0.00000     0.00001       8     8     0
   0.09666     0.50796     0.00001    -0.00001     0.00001       8     8     0
   0.16894     0.50796    -0.00001     0.00000    -0.00001       8     8     0
   0.25000     0.50796    -0.00001     0.00001    -0.00000       8     8     0
   0.33106     0.50796     0.00001    -0.00001     0.00001       8     8     0
   0.40334     0.50796    -0.00001     0.00000    -0.00000       8     8     0
   0.45901     0.50796    -0.00001     0.00002    -0.00001       8     8     0
   0.49204     0.50796     0.00001     0.00001    -0.00000       8     8     0
   0.50000     0.50796     0.00002     0.00000    -0.00001       8     8     0
   0.00000     0.54099    -0.00001     0.00001    -0.00001       8     8     0
   0.00796     0.54099    -0.00001     0.00001    -0.00000       8     8     0
   0.04099     0.54099     0.00000     0.00000     0.00001       8     8     0
   0.09666     0.54099     0.00001    -0.00001     0.00001       8     8     0
   0.16894     0.54099    -0.00000    -0.00000    -0.00000       8     8     0
   0.25000     0.54099    -0.00001     0.00001    -0.00001       8     8     0
   0.33106     0.54099     0.00001    -0.00001     0.00001       8     8     0
   0.40334     0.54099    -0.00001    -0.00000     0.00000       8     8     0
   0.45901     0.54099    -0.00001     0.00001    -0.00001       8     8     0
   0.49204     0.54099     0.00001     0.00001    -0.00001       8     8     0
   0.50000     0.54099     0.00002     0.00000    -0.00001       8     8     0
   0.00000     0.59666    -0.00002     0.00002    -0.00001       8     8     0
   0.00796     0.59666    -0.00002     0.00002    -0.00001       8     8     0
   0.04099     0.59666    -0.00002     0.00002    -0.00001       8     8     0
   0.09666     0.59666     0.00000    -0.00001     0.00000       8     8     0
   0.16894     0.59666     0.00002    -0.00001     0.00002       8     8     0
   0.25000     0.59666    -0.00001     0.00001    -0.00001       8     8     0
   0.33106     0.59666    -0.00001     0.00001    -0.00000       8     8     0
   0.40334     0.59666     0.00003    -0.00002     0.00002       8     8     0
   0.45901     0.59666    -0.00001    -0.00001    -0.00001       8     8     0
   0.49204     0.59666    -0.00004     0.00002    -0.00002       8     8     0
   0.50000     0.59666    -0.00004     0.00002    -0.00001       8     8     0
   0.00000     0.66894     0.00002    -0.00002     0.00001       8     8     0
   0.00796     0.66894     0.00001    -0.00002     0.00001       8     8     0
   0.04099     0.66894    -0.00002     0.00000    -0.00001       8     8     0
   0.09666     0.66894    -0.00004     0.00003    -0.00002       8     8     0
   0.16894     0.66894     0.00001    -0.00000     0.00001       8     8     0
   0.25000     0.66894     0.00003    -0.00003     0.00002       8     8     0
   0.33106     0.66894    -0.00004     0.00002    -0.00002       8     8     0
   0.40334     0.66894    -0.00000     0.00001    -0.00001       8     8     0
   0.45901     0.66894     0.00005    -0.00003     0.00004       8     8     0
   0.49204     0.66894     0.00003    -0.00003     0.00003       8     8     0
   0.50000     0.66894     0.00002    -0.00003     0.00002       8     8     0
   0.00000     0.75000     0.00002    -0.00001     0.00001       8     8     0
   0.00796     0.75000     0.00002    -0.00002     0.00002       8     8     0
   0.04099     0.75000     0.00004    -0.00002     0.00003       8     8     0
   0.09666     0.75000     0.00002    -0.00001     0.00001       8     8     0
   0.16894     0.75000    -0.00004     0.00003    -0.00003       8     8     0
   0.25000     0.75000     0.00001    -0.00000     0.00001       8     8     0
   0.33106     0.75000     0.00004    -0.00003     0.00003       8     8     0
   0.40334     0.75000    -0.00005     0.00003    -0.00003       8     8     0
   0.45901     0.75000    -0.00003     0.00004    -0.00003       8     8     0
   0.49204     0.75000     0.00003    -0.00000     0.00000       8     8     0
   0.50000     0.75000     0.00004    -0.00001     0.00001       8     8     0
   0.00000     0.83106    -0.00004     0.00004    -0.00002       8     8     0
   0.00796     0.83106    -0.00004     0.00004    -0.00002       8     8     0
   0.04099     0.83106    -0.00000     0.00001    -0.00001       8     8     0
   0.09666     0.83106     0.00004    -0.00004     0.00002       8     8     0
   0.16894     0.83106     0.00001    -0.00001     0.00002       8     8     0
   0.25000     0.83106    -0.00005     0.00004    -0.00003       8     8     0
   0.33106     0.83106     0.00002    -0.00001     0.00001       8     8     0
   0.40334     0.83106     0.00005    -0.00005     0.00004       8     8     0
   0.45901     0.83106    -0.00004     0.00002    -0.00002       8     8     0
   0.49204     0.83106    -0.00009     0.00007    -0.00005       8     8     0
   0.50000     0.83106    -0.00009     0.00007    -0.00004       8     8     0
   0.00000     0.90334     0.00000    -0.00000    -0.00001       8     8     0
   0.00796     0.90334    -0.00000    -0.00000    -0.00002       8     8     0
   0.04099     0.90334    -0.00004     0.00002    -0.00004       8     8     0
   0.09666     0.90334    -0.00005     0.00003    -0.00002       8     8     0
   0.16894     0.90334     0.00004    -0.00002     0.00004       8     8     0
   0.25000     0.90334     0.00003    -0.00003     0.00000       8     8     0
   0.33106     0.90334    -0.00008     0.00005    -0.00005       8     8     0
   0.40334     0.90334     0.00002    -0.00001     0.00003       8     8     0
   0.45901     0.90334     0.00010    -0.00007     0.00007       8     8     0
   0.49204     0.90334     0.00004    -0.00004     0.00002       8     8     0
   0.50000     0.90334     0.00002    -0.00003     0.00001       8     8     0
   0.00000     0.95901     0.00005    -0.00004     0.00003       8     8     0
   0.00796     0.95901     0.00004    -0.00004     0.00003       8     8     0
   0.04099     0.95901     0.00001    -0.00002     0.00001       8     8     0
   0.09666     0.95901    -0.00006     0.00005    -0.00003       8     8     0
   0.16894     0.95901    -0.00002     0.00002    -0.00002       8     8     0
   0.25000     0.95901     0.00007    -0.00006     0.00004       8     8     0
   0.33106     0.95901    -0.00004     0.00003    -0.00001       8     8     0
   0.40334     0.95901    -0.00008     0.00007    -0.00005       8     8     0
   0.45901     0.95901     0.00007    -0.00005     0.00002       8     8     0
   0.49204     0.95901     0.00013    -0.00010     0.00006       8     8     0
   0.50000     0.95901     0.00012    -0.00010     0.00006       8     8     0
   0.00000     0.99204     0.00003    -0.00003     0.00003       8     8     0
   0.00796     0.99204     0.00003    -0.00003     0.00003       8     8     0
   0.04099     0.99204     0.00005    -0.00003     0.00005       8     8     0
   0.09666     0.99204    -0.00001     0.00001     0.00000       8     8     0
   0.16894     0.99204    -0.00005     0.00003    -0.00005       8     8     0
   0.25000     0.99204     0.00004    -0.00003     0.00003       8     8     0
   0.33106     0.99204     0.00004    -0.00002     0.00004       8     8     0
   0.40334     0.99204    -0.00008     0.00006    -0.00007       8     8     0
   0.45901     0.99204    -0.00004     0.00002    -0.00005       8     8     0
   0.49204     0.99204     0.00004    -0.00004     0.00003       8     8     0
   0.50000     0.99204     0.00005    -0.00005     0.00004       8     8     0
   0.00000     1.00000     0.00003    -0.00002     0.00002       8     8     0
   0.00796     1.00000     0.00003    -0.00003     0.00003       8     8     0
   0.04099     1.00000     0.00005    -0.00003     0.00005       8     8     0
   0.09666     1.00000     0.00001     0.00000     0.00001       8     8     0
   0.16894     1.00000    -0.00006     0.00004    -0.00005       8     8     0
   0.25000     1.00000     0.00003    -0.00002     0.00002       8     8     0
   0.33106     1.00000     0.00005    -0.00003     0.00005       8     8     0
   0.40334     1.00000    -0.00007     0.00006    -0.00007       8     8     0
   0.45901     1.00000    -0.00006     0.00004    -0.00006       8     8     0
   0.49204     1.00000     0.00002    -0.00003     0.00002       8     8     0
   0.50000     1.00000     0.00003    -0.00004     0.00003       8     8     0
ZONE T= "IEL     3",  I=11,  J=11,  SOLUTIONTIME=   1.58020,  DATAPACKING = POINT
   0.50000     0.50000    -0.00001    -0.00001    -0.00001       8     8     0
   0.50796     0.50000     0.00001     0.00000    -0.00000       8     8     0
   0.54099     0.50000     0.00003    -0.00002     0.00002       8     8     0
   0.59666     0.50000    -0.00002    -0.00003     0.00004       8     8     0
   0.66894     0.50000    -0.00001     0.00003    -0.00005       8     8     0
   0.75000     0.50000     0.00004     0.00002    -0.00002       8     8     0
   0.83106     0.50000    -0.00004    -0.00004     0.00013       8     8     0
   0.90334     0.50000    -0.00006    -0.00003    -0.00011       8     8     0
   0.95901     0.50000    -0.00007    -0.00003    -0.00030       8     8     0
   0.99204     0.50000    -0.00008    -0.00004    -0.00019       8     8     0
   1.00000     0.50000    -0.00007    -0.00004    -0.00015       8     8     0
   0.50000     0.50796     0.00001    -0.00000     0.00000       8     8     0
   0.50796     0.50796     0.00002    -0.00000    -0.00000       8     8     0
   0.54099     0.50796     0.00002    -0.00001     0.00000       8     8     0
   0.59666     0.50796    -0.00004    -0.00002     0.00003       8     8     0
   0.66894     0.50796     0.00001     0.00002    -0.00003       8     8     0
   0.75000     0.50796     0.00006     0.00003    -0.00002       8     8     0
   0.83106     0.50796    -0.00008    -0.00005     0.00008       8     8     0
   0.90334     0.50796    -0.00002    -0.00003    -0.00003       8     8     0
   0.95901     0.50796     0.00010     0.00006    -0.00013       8     8     0
   0.99204     0.50796     0.00008     0.00008    -0.00007       8     8     0
   1.00000     0.50796     0.00007     0.00007    -0.00005       8     8     0
   0.50000     0.54099     0.00003     0.00002    -0.00002       8     8     0
   0.50796     0.54099     0.00002     0.00000    -0.00001       8     8     0
   0.54099     0.54099     0.00003    -0.00000    -0.00000       8     8     0
   0.59666     0.54099    -0.00002    -0.00001     0.00002       8     8     0
   0.66894     0.54099    -0.00004    -0.00002     0.00000       8     8     0
   0.75000     0.54099     0.00008     0.00005    -0.00005       8     8     0
   0.83106     0.54099    -0.00003    -0.00002     0.00004       8     8     0
   0.90334     0.54099    -0.00007    -0.00007     0.00007       8     8     0
   0.95901     0.54099     0.00007     0.00005    -0.00002       8     8     0
   0.99204     0.54099     0.00011     0.00010    -0.00008       8     8     0
   1.00000     0.54099     0.00011     0.00010    -0.00010       8     8     0
   0.50000     0.59666    -0.00002     0.00004    -0.00003       8     8     0
   0.50796     0.59666    -0.00004     0.00003    -0.00002       8     8     0
   0.54099     0.59666    -0.00002     0.00002    -0.00001       8     8     0
   0.59666     0.59666     0.00007     0.00000     0.00000       8     8     0
   0.66894     0.59666    -0.00004    -0.00004     0.00003       8     8     0
   0.75000     0.59666    -0.00004     0.00003    -0.00002       8     8     0
   0.83106     0.59666     0.00013     0.00004    -0.00005       8     8     0
   0.90334     0.59666    -0.00011    -0.00008     0.00003       8     8     0
   0.95901     0.59666    -0.00020    -0.00008     0.00006       8     8     0
   0.99204     0.59666    -0.00001     0.00002     0.00002       8     8     0
   1.00000     0.59666     0.00004     0.00005     0.00001       8     8     0
   0.50000     0.66894    -0.00001    -0.00005     0.00003       8     8     0
   0.50796     0.66894     0.00001    -0.00003     0.00002       8     8     0
   0.54099     0.66894    -0.00004     0.00000    -0.00002       8     8     0
   0.59666     0.66894    -0.00004     0.00003    -0.00004       8     8     0
   0.66894     0.66894     0.00008     0.00002     0.00002       8     8     0
   0.75000     0.66894    -0.00005    -0.00008     0.00005       8     8     0
   0.83106     0.66894    -0.00007     0.00002    -0.00008       8     8     0
   0.90334     0.66894     0.00018     0.00013    -0.00000       8     8     0
   0.95901     0.66894     0.00011     0.00002     0.00013       8     8     0
   0.99204     0.66894    -0.00009    -0.00011     0.00013       8     8     0
   1.00000     0.66894    -0.00012    -0.00014     0.00013       8     8     0
   0.50000     0.75000     0.00004    -0.00002     0.00002       8     8     0
   0.50796     0.75000     0.00006    -0.00002     0.00003       8     8     0
   0.54099     0.75000     0.00008    -0.00005     0.00005       8     8     0
   0.59666     0.75000    -0.00004    -0.00002     0.00003       8     8     0
   0.66894     0.75000    -0.00005     0.00005    -0.00008       8     8     0
   0.75000     0.75000     0.00007    -0.00001    -0.00001       8     8     0
   0.83106     0.75000    -0.00002    -0.00003     0.00016       8     8     0
   0.90334     0.75000    -0.00003     0.00003    -0.00006       8     8     0
   0.95901     0.75000     0.00006     0.00002    -0.00022       8     8     0
   0.99204     0.75000     0.00017     0.00011    -0.00006       8     8     0
   1.00000     0.75000     0.00023     0.00016     0.00001       8     8     0
   0.50000     0.83106    -0.00004     0.00013    -0.00004       8     8     0
   0.50796     0.83106    -0.00008     0.00008    -0.00005       8     8     0
   0.54099     0.83106    -0.00003     0.00004    -0.00002       8     8     0
   0.59666     0.83106     0.00013    -0.00005     0.00004       8     8     0
   0.66894     0.83106    -0.00007    -0.00008     0.00002       8     8     0
   0.75000     0.83106    -0.00002     0.00016    -0.00003       8     8     0
   0.83106     0.83106     0.00014    -0.00003    -0.00003       8     8     0
   0.90334     0.83106    -0.00008    -0.00012     0.00012       8     8     0
   0.95901     0.83106     0.00091     0.00079     0.00085       8     8     0
   0.99204     0.83106     0.00309     0.00229     0.00215       8     8     0
   1.00000     0.83106     0.00388     0.00285     0.00265       8     8     0
   0.50000     0.90334    -0.00006    -0.00011    -0.00003       8     8     0
   0.50796     0.90334    -0.00002    -0.00003    -0.00003       8     8     0
   0.54099     0.90334    -0.00007     0.00007    -0.00007       8     8     0
   0.59666     0.90334    -0.00011     0.00003    -0.00008       8     8     0
   0.66894     0.90334     0.00018    -0.00000     0.00013       8     8     0
   0.75000     0.90334    -0.00003    -0.00006     0.00003       8     8     0
   0.83106     0.90334    -0.00008     0.00012    -0.00012       8     8     0
   0.90334     0.90334     0.00207     0.00138     0.00138       8     8     0
   0.95901     0.90334     0.00856     0.00594     0.00615       8     8     0
   0.99204     0.90334     0.01846     0.01299     0.01329       8     8     0
   1.00000     0.90334     0.02214     0.01553     0.01592       8     8     0
   0.50000     0.95901    -0.00007    -0.00030    -0.00003       8     8     0
   0.50796     0.95901     0.00010    -0.00013     0.00006       8     8     0
   0.54099     0.95901     0.00007    -0.00002     0.00005       8     8     0
   0.59666     0.95901    -0.00020     0.00006    -0.00008       8     8     0
   0.66894     0.95901     0.00011     0.00013     0.00002       8     8     0
   0.75000     0.95901     0.00006    -0.00022     0.00002       8     8     0
   0.83106     0.95901     0.00091     0.00085     0.00079       8     8     0
   0.90334     0.95901     0.00856     0.00615     0.00594       8     8     0
   0.95901     0.95901     0.03112     0.02179     0.02179       8     8     0
   0.99204     0.95901     0.06103     0.04298     0.04313       8     8     0
   1.00000     0.95901     0.07120     0.05015     0.05038       8     8     0
   0.50000     0.99204    -0.00008    -0.00019    -0.00004       8     8     0
   0.50796     0.99204     0.00008    -0.00007     0.00008       8     8     0
   0.54099     0.99204     0.00011    -0.00008     0.00010       8     8     0
   0.59666     0.99204    -0.00001     0.00002     0.00002       8     8     0
   0.66894     0.99204    -0.00009     0.00013    -0.00011       8     8     0
   0.75000     0.99204     0.00017    -0.00006     0.00011       8     8     0
   0.83106     0.99204     0.00309     0.00215     0.00229       8     8     0
   0.90334     0.99204     0.01846     0.01329     0.01299       8     8     0
   0.95901     0.99204     0.06103     0.04313     0.04298       8     8     0
   0.99204     0.99204     0.11273     0.07959     0.07959       8     8     0
   1.00000     0.99204     0.12928     0.09132     0.09129       8     8     0
   0.50000     1.00000    -0.00007    -0.00015    -0.00004       8     8     0
   0.50796     1.00000     0.00007    -0.00005     0.00007       8     8     0
   0.54099     1.00000     0.00011    -0.00010     0.00010       8     8     0
   0.59666     1.00000     0.00004     0.00001     0.00005       8     8     0
   0.66894     1.00000    -0.00012     0.00013    -0.00014       8     8     0
   0.75000     1.00000     0.00023     0.00001     0.00016       8     8     0
   0.83106     1.00000     0.00388     0.00265     0.00285       8     8     0
   0.90334     1.00000     0.02214     0.01592     0.01553       8     8     0
   0.95901     1.00000     0.07120     0.05038     0.05015       8     8     0
   0.99204     1.00000     0.12928     0.09129     0.09132       8     8     0
   1.00000     1.00000     0.14761     0.10428     0.10428       8     8     0
ZONE T= "IEL     4",  I=11,  J=11,  SOLUTIONTIME=   1.58020,  DATAPACKING = POINT
   0.50000     0.00000    -0.00001     0.00000     0.00001       8     8     0
   0.50796     0.00000    -0.00000     0.00000     0.00001       8     8     0
   0.54099     0.00000    -0.00001    -0.00001     0.00001       8     8     0
   0.59666     0.00000    -0.00002    -0.00001     0.00002       8     8     0
   0.66894     0.00000     0.00002     0.00001    -0.00002       8     8     0
   0.75000     0.00000     0.00002     0.00001    -0.00001       8     8     0
   0.83106     0.00000    -0.00004    -0.00002     0.00004       8     8     0
   0.90334     0.00000     0.00000    -0.00001    -0.00000       8     8     0
   0.95901     0.00000     0.00005     0.00003    -0.00004       8     8     0
   0.99204     0.00000     0.00003     0.00003    -0.00003       8     8     0
   1.00000     0.00000     0.00003     0.00002    -0.00002       8     8     0
   0.50000     0.00796    -0.00000     0.00000     0.00001       8     8     0
   0.50796     0.00796    -0.00000     0.00000     0.00000       8     8     0
   0.54099     0.00796    -0.00001    -0.00000     0.00001       8     8     0
   0.59666     0.00796    -0.00002    -0.00001     0.00002       8     8     0
   0.66894     0.00796     0.00001     0.00001    -0.00002       8     8     0
   0.75000     0.00796     0.00002     0.00002    -0.00002       8     8     0
   0.83106     0.00796    -0.00004    -0.00002     0.00004       8     8     0
   0.90334     0.00796    -0.00000    -0.00002    -0.00000       8     8     0
   0.95901     0.00796     0.00004     0.00003    -0.00004       8     8     0
   0.99204     0.00796     0.00003     0.00003    -0.00003       8     8     0
   1.00000     0.00796     0.00003     0.00003    -0.00003       8     8     0
   0.50000     0.04099     0.00001     0.00001    -0.00000       8     8     0
   0.50796     0.04099     0.00001     0.00001    -0.00000       8     8     0
   0.54099     0.04099     0.00000     0.00001     0.00000       8     8     0
   0.59666     0.04099    -0.00002    -0.00001     0.00002       8     8     0
   0.66894     0.04099    -0.00002    -0.00001     0.00000       8     8     0
   0.75000     0.04099     0.00004     0.00003    -0.00002       8     8     0
   0.83106     0.04099    -0.00000    -0.00001     0.00001       8     8     0
   0.90334     0.04099    -0.00004    -0.00004     0.00002       8     8     0
   0.95901     0.04099     0.00001     0.00001    -0.00002       8     8     0
   0.99204     0.04099     0.00005     0.00005    -0.00003       8     8     0
   1.00000     0.04099     0.00005     0.00005    -0.00003       8     8     0
   0.50000     0.09666     0.00002     0.00002    -0.00001       8     8     0
   0.50796     0.09666     0.00001     0.00001    -0.00001       8     8     0
   0.54099     0.09666     0.00001     0.00001    -0.00001       8     8     0
   0.59666     0.09666     0.00000     0.00000    -0.00001       8     8     0
   0.66894     0.09666    -0.00004    -0.00002     0.00003       8     8     0
   0.75000     0.09666     0.00002     0.00001    -0.00001       8     8     0
   0.83106     0.09666     0.00004     0.00002    -0.00004       8     8     0
   0.90334     0.09666    -0.00005    -0.00002     0.00003       8     8     0
   0.95901     0.09666    -0.00006    -0.00003     0.00005       8     8     0
   0.99204     0.09666    -0.00001     0.00000     0.00001       8     8     0
   1.00000     0.09666     0.00001     0.00001     0.00000       8     8     0
   0.50000     0.16894    -0.00001    -0.00001     0.00000       8     8     0
   0.50796     0.16894    -0.00001    -0.00001     0.00000       8     8     0
   0.54099     0.16894    -0.00000    -0.00000    -0.00000       8     8     0
   0.59666     0.16894     0.00002     0.00002    -0.00001       8     8     0
   0.66894     0.16894     0.00001     0.00001    -0.00000       8     8     0
   0.75000     0.16894    -0.00004    -0.00003     0.00003       8     8     0
   0.83106     0.16894     0.00001     0.00002    -0.00001       8     8     0
   0.90334     0.16894     0.00004     0.00004    -0.00002       8     8     0
   0.95901     0.16894    -0.00002    -0.00002     0.00002       8     8     0
   0.99204     0.16894    -0.00005    -0.00005     0.00003       8     8     0
   1.00000     0.16894    -0.00006    -0.00005     0.00004       8     8     0
   0.50000     0.25000    -0.00001    -0.00001     0.00001       8     8     0
   0.50796     0.25000    -0.00001    -0.00000     0.00001       8     8     0
   0.54099     0.25000    -0.00001    -0.00001     0.00001       8     8     0
   0.59666     0.25000    -0.00001    -0.00001     0.00001       8     8     0
   0.66894     0.25000     0.00003     0.00002    -0.00003       8     8     0
   0.75000     0.25000     0.00001     0.00001    -0.00000       8     8     0
   0.83106     0.25000    -0.00005    -0.00003     0.00004       8     8     0
   0.90334     0.25000     0.00003     0.00000    -0.00003       8     8     0
   0.95901     0.25000     0.00007     0.00004    -0.00006       8     8     0
   0.99204     0.25000     0.00004     0.00003    -0.00003       8     8     0
   1.00000     0.25000     0.00003     0.00002    -0.00002       8     8     0
   0.50000     0.33106     0.00002     0.00002    -0.00002       8     8     0
   0.50796     0.33106     0.00001     0.00001    -0.00001       8     8     0
   0.54099     0.33106     0.00001     0.00001    -0.00001       8     8     0
   0.59666     0.33106    -0.00001    -0.00000     0.00001       8     8     0
   0.66894     0.33106    -0.00004    -0.00002     0.00002       8     8     0
   0.75000     0.33106     0.00004     0.00003    -0.00003       8     8     0
   0.83106     0.33106     0.00002     0.00001    -0.00001       8     8     0
   0.90334     0.33106    -0.00008    -0.00005     0.00005       8     8     0
   0.95901     0.33106    -0.00004    -0.00001     0.00003       8     8     0
   0.99204     0.33106     0.00004     0.00004    -0.00002       8     8     0
   1.00000     0.33106     0.00005     0.00005    -0.00003       8     8     0
   0.50000     0.40334    -0.00001    -0.00000    -0.00000       8     8     0
   0.50796     0.40334    -0.00001    -0.00000     0.00000       8     8     0
   0.54099     0.40334    -0.00001     0.00000    -0.00000       8     8     0
   0.59666     0.40334     0.00003     0.00002    -0.00002       8     8     0
   0.66894     0.40334    -0.00000    -0.00001     0.00001       8     8     0
   0.75000     0.40334    -0.00005    -0.00003     0.00003       8     8     0
   0.83106     0.40334     0.00005     0.00004    -0.00005       8     8     0
   0.90334     0.40334     0.00002     0.00003    -0.00001       8     8     0
   0.95901     0.40334    -0.00008    -0.00005     0.00007       8     8     0
   0.99204     0.40334    -0.00008    -0.00007     0.00006       8     8     0
   1.00000     0.40334    -0.00007    -0.00007     0.00006       8     8     0
   0.50000     0.45901    -0.00002    -0.00002     0.00003       8     8     0
   0.50796     0.45901    -0.00001    -0.00001     0.00002       8     8     0
   0.54099     0.45901    -0.00001    -0.00001     0.00001       8     8     0
   0.59666     0.45901    -0.00001    -0.00001    -0.00001       8     8     0
   0.66894     0.45901     0.00005     0.00004    -0.00003       8     8     0
   0.75000     0.45901    -0.00003    -0.00003     0.00004       8     8     0
   0.83106     0.45901    -0.00004    -0.00002     0.00002       8     8     0
   0.90334     0.45901     0.00010     0.00007    -0.00007       8     8     0
   0.95901     0.45901     0.00007     0.00002    -0.00005       8     8     0
   0.99204     0.45901    -0.00004    -0.00005     0.00002       8     8     0
   1.00000     0.45901    -0.00006    -0.00006     0.00004       8     8     0
   0.50000     0.49204     0.00000    -0.00001     0.00002       8     8     0
   0.50796     0.49204     0.00001    -0.00000     0.00001       8     8     0
   0.54099     0.49204     0.00001    -0.00001     0.00001       8     8     0
   0.59666     0.49204    -0.00004    -0.00002     0.00002       8     8     0
   0.66894     0.49204     0.00003     0.00003    -0.00003       8     8     0
   0.75000     0.49204     0.00003     0.00000    -0.00000       8     8     0
   0.83106     0.49204    -0.00009    -0.00005     0.00007       8     8     0
   0.90334     0.49204     0.00004     0.00002    -0.00004       8     8     0
   0.95901     0.49204     0.00013     0.00006    -0.00010       8     8     0
   0.99204     0.49204     0.00004     0.00003    -0.00004       8     8     0
   1.00000     0.49204     0.00002     0.00002    -0.00003       8     8     0
   0.50000     0.50000     0.00001    -0.00001     0.00001       8     8     0
   0.50796     0.50000     0.00002    -0.00001     0.00000       8     8     0
   0.54099     0.50000     0.00002    -0.00001     0.00000       8     8     0
   0.59666     0.50000    -0.00004    -0.00001     0.00002       8     8     0
   0.66894     0.50000     0.00002     0.00002    -0.00003       8     8     0
   0.75000     0.50000     0.00004     0.00001    -0.00001       8     8     0
   0.83106     0.50000    -0.00009    -0.00004     0.00007       8     8     0
   0.90334     0.50000     0.00002     0.00001    -0.00003       8     8     0
   0.95901     0.50000     0.00012     0.00006    -0.00010       8     8     0
   0.99204     0.50000     0.00005     0.00004    -0.00005       8     8     0
   1.00000     0.50000     0.00003     0.00003    -0.00004       8     8     0
