TITLE = "MESH AND SOLUTIONS"
VARIABLES = "X", "Y", "PRESSURE", "U", "V",  "N", "M", "PROC"
ZONE T= "IEL     1",  I=11,  J=11,  SOLUTIONTIME=   1.45020,  DATAPACKING = POINT
   0.00000     0.00000     0.00010    -0.00007    -0.00007       8     8     0
   0.00796     0.00000     0.00019    -0.00013    -0.00016       8     8     0
   0.04099     0.00000     0.00084    -0.00045    -0.00077       8     8     0
   0.09666     0.00000     0.00260    -0.00204    -0.00254       8     8     0
   0.16894     0.00000     0.01266    -0.01273    -0.01257       8     8     0
   0.25000     0.00000     0.04694    -0.05111    -0.04679       8     8     0
   0.33106     0.00000     0.09228    -0.10702    -0.09251       8     8     0
   0.40334     0.00000     0.11257    -0.14017    -0.11294       8     8     0
   0.45901     0.00000     0.10921    -0.14639    -0.10902       8     8     0
   0.49204     0.00000     0.10191    -0.14408    -0.10140       8     8     0
   0.50000     0.00000     0.09954    -0.14278    -0.09902       8     8     0
   0.00000     0.00796     0.00019    -0.00016    -0.00013       8     8     0
   0.00796     0.00796     0.00029    -0.00024    -0.00024       8     8     0
   0.04099     0.00796     0.00099    -0.00066    -0.00087       8     8     0
   0.09666     0.00796     0.00305    -0.00250    -0.00261       8     8     0
   0.16894     0.00796     0.01465    -0.01480    -0.01243       8     8     0
   0.25000     0.00796     0.05094    -0.05554    -0.04578       8     8     0
   0.33106     0.00796     0.09529    -0.11079    -0.09024       8     8     0
   0.40334     0.00796     0.11240    -0.14076    -0.11043       8     8     0
   0.45901     0.00796     0.10710    -0.14482    -0.10721       8     8     0
   0.49204     0.00796     0.09921    -0.14175    -0.10016       8     8     0
   0.50000     0.00796     0.09671    -0.14029    -0.09792       8     8     0
   0.00000     0.04099     0.00084    -0.00077    -0.00045       8     8     0
   0.00796     0.04099     0.00099    -0.00087    -0.00066       8     8     0
   0.04099     0.04099     0.00213    -0.00153    -0.00153       8     8     0
   0.09666     0.04099     0.00553    -0.00425    -0.00340       8     8     0
   0.16894     0.04099     0.02341    -0.02256    -0.01212       8     8     0
   0.25000     0.04099     0.06790    -0.07246    -0.04143       8     8     0
   0.33106     0.04099     0.10777    -0.12543    -0.08138       8     8     0
   0.40334     0.04099     0.11161    -0.14374    -0.10084       8     8     0
   0.45901     0.04099     0.09912    -0.14034    -0.09964       8     8     0
   0.49204     0.04099     0.08932    -0.13444    -0.09457       8     8     0
   0.50000     0.04099     0.08636    -0.13225    -0.09290       8     8     0
   0.00000     0.09666     0.00260    -0.00254    -0.00204       8     8     0
   0.00796     0.09666     0.00305    -0.00261    -0.00250       8     8     0
   0.04099     0.09666     0.00553    -0.00340    -0.00425       8     8     0
   0.09666     0.09666     0.01129    -0.00686    -0.00686       8     8     0
   0.16894     0.09666     0.03739    -0.03273    -0.01257       8     8     0
   0.25000     0.09666     0.09437    -0.09653    -0.03295       8     8     0
   0.33106     0.09666     0.13141    -0.14871    -0.06707       8     8     0
   0.40334     0.09666     0.11749    -0.15047    -0.08915       8     8     0
   0.45901     0.09666     0.09284    -0.13569    -0.09216       8     8     0
   0.49204     0.09666     0.07847    -0.12566    -0.08947       8     8     0
   0.50000     0.09666     0.07432    -0.12234    -0.08848       8     8     0
   0.00000     0.16894     0.01266    -0.01257    -0.01273       8     8     0
   0.00796     0.16894     0.01465    -0.01243    -0.01480       8     8     0
   0.04099     0.16894     0.02341    -0.01212    -0.02256       8     8     0
   0.09666     0.16894     0.03739    -0.01257    -0.03273       8     8     0
   0.16894     0.16894     0.07363    -0.03832    -0.03832       8     8     0
   0.25000     0.16894     0.14434    -0.11422    -0.04242       8     8     0
   0.33106     0.16894     0.18092    -0.17561    -0.05918       8     8     0
   0.40334     0.16894     0.14459    -0.16647    -0.08053       8     8     0
   0.45901     0.16894     0.09951    -0.13758    -0.08972       8     8     0
   0.49204     0.16894     0.07599    -0.12083    -0.09076       8     8     0
   0.50000     0.16894     0.06964    -0.11580    -0.09081       8     8     0
   0.00000     0.25000     0.04694    -0.04679    -0.05111       8     8     0
   0.00796     0.25000     0.05094    -0.04578    -0.05554       8     8     0
   0.04099     0.25000     0.06790    -0.04143    -0.07246       8     8     0
   0.09666     0.25000     0.09437    -0.03295    -0.09653       8     8     0
   0.16894     0.25000     0.14434    -0.04242    -0.11422       8     8     0
   0.25000     0.25000     0.24128    -0.11249    -0.11249       8     8     0
   0.33106     0.25000     0.30378    -0.18821    -0.10765       8     8     0
   0.40334     0.25000     0.25128    -0.18258    -0.11523       8     8     0
   0.45901     0.25000     0.16680    -0.14284    -0.11999       8     8     0
   0.49204     0.25000     0.11880    -0.11888    -0.11894       8     8     0
   0.50000     0.25000     0.10695    -0.11229    -0.11869       8     8     0
   0.00000     0.33106     0.09228    -0.09251    -0.10702       8     8     0
   0.00796     0.33106     0.09529    -0.09024    -0.11079       8     8     0
   0.04099     0.33106     0.10777    -0.08138    -0.12543       8     8     0
   0.09666     0.33106     0.13141    -0.06707    -0.14871       8     8     0
   0.16894     0.33106     0.18092    -0.05918    -0.17561       8     8     0
   0.25000     0.33106     0.30378    -0.10765    -0.18821       8     8     0
   0.33106     0.33106     0.44626    -0.18973    -0.18973       8     8     0
   0.40334     0.33106     0.45446    -0.19546    -0.20409       8     8     0
   0.45901     0.33106     0.35825    -0.14307    -0.21661       8     8     0
   0.49204     0.33106     0.28123    -0.10710    -0.21582       8     8     0
   0.50000     0.33106     0.26203    -0.09893    -0.21452       8     8     0
   0.00000     0.40334     0.11257    -0.11294    -0.14017       8     8     0
   0.00796     0.40334     0.11240    -0.11043    -0.14076       8     8     0
   0.04099     0.40334     0.11161    -0.10084    -0.14374       8     8     0
   0.09666     0.40334     0.11749    -0.08915    -0.15047       8     8     0
   0.16894     0.40334     0.14459    -0.08053    -0.16647       8     8     0
   0.25000     0.40334     0.25128    -0.11523    -0.18258       8     8     0
   0.33106     0.40334     0.45446    -0.20409    -0.19546       8     8     0
   0.40334     0.40334     0.59341    -0.23632    -0.23632       8     8     0
   0.45901     0.40334     0.57866    -0.17713    -0.29163       8     8     0
   0.49204     0.40334     0.51911    -0.12028    -0.31996       8     8     0
   0.50000     0.40334     0.50188    -0.10748    -0.32443       8     8     0
   0.00000     0.45901     0.10921    -0.10902    -0.14639       8     8     0
   0.00796     0.45901     0.10710    -0.10721    -0.14482       8     8     0
   0.04099     0.45901     0.09912    -0.09964    -0.14034       8     8     0
   0.09666     0.45901     0.09284    -0.09216    -0.13569       8     8     0
   0.16894     0.45901     0.09951    -0.08972    -0.13758       8     8     0
   0.25000     0.45901     0.16680    -0.11999    -0.14284       8     8     0
   0.33106     0.45901     0.35825    -0.21661    -0.14307       8     8     0
   0.40334     0.45901     0.57866    -0.29163    -0.17713       8     8     0
   0.45901     0.45901     0.67175    -0.25739    -0.25739       8     8     0
   0.49204     0.45901     0.66988    -0.19315    -0.32047       8     8     0
   0.50000     0.45901     0.66459    -0.17600    -0.33482       8     8     0
   0.00000     0.49204     0.10191    -0.10140    -0.14408       8     8     0
   0.00796     0.49204     0.09921    -0.10016    -0.14175       8     8     0
   0.04099     0.49204     0.08932    -0.09457    -0.13444       8     8     0
   0.09666     0.49204     0.07847    -0.08947    -0.12566       8     8     0
   0.16894     0.49204     0.07599    -0.09076    -0.12083       8     8     0
   0.25000     0.49204     0.11880    -0.11894    -0.11888       8     8     0
   0.33106     0.49204     0.28123    -0.21582    -0.10710       8     8     0
   0.40334     0.49204     0.51911    -0.31996    -0.12028       8     8     0
   0.45901     0.49204     0.66988    -0.32047    -0.19315       8     8     0
   0.49204     0.49204     0.71073    -0.26649    -0.26649       8     8     0
   0.50000     0.49204     0.71519    -0.24921    -0.28553       8     8     0
   0.00000     0.50000     0.09954    -0.09902    -0.14278       8     8     0
   0.00796     0.50000     0.09671    -0.09792    -0.14029       8     8     0
   0.04099     0.50000     0.08636    -0.09290    -0.13225       8     8     0
   0.09666     0.50000     0.07432    -0.08848    -0.12234       8     8     0
   0.16894     0.50000     0.06964    -0.09081    -0.11580       8     8     0
   0.25000     0.50000     0.10695    -0.11869    -0.11229       8     8     0
   0.33106     0.50000     0.26203    -0.21452    -0.09893       8     8     0
   0.40334     0.50000     0.50188    -0.32443    -0.10748       8     8     0
   0.45901     0.50000     0.66459    -0.33482    -0.17600       8     8     0
   0.49204     0.50000     0.71519    -0.28553    -0.24921       8     8     0
   0.50000     0.50000     0.72193    -0.26878    -0.26878       8     8     0
ZONE T= "IEL     2",  I=11,  J=11,  SOLUTIONTIME=   1.45020,  DATAPACKING = POINT
   0.00000     0.50000     0.09970    -0.09913    -0.14295       8     8     0
   0.00796     0.50000     0.09694    -0.09801    -0.14053       8     8     0
   0.04099     0.50000     0.08694    -0.09294    -0.13276       8     8     0
   0.09666     0.50000     0.07536    -0.08841    -0.12336       8     8     0
   0.16894     0.50000     0.07105    -0.09048    -0.11727       8     8     0
   0.25000     0.50000     0.10826    -0.11825    -0.11355       8     8     0
   0.33106     0.50000     0.26173    -0.21456    -0.09887       8     8     0
   0.40334     0.50000     0.50031    -0.32545    -0.10544       8     8     0
   0.45901     0.50000     0.66364    -0.33642    -0.17317       8     8     0
   0.49204     0.50000     0.71473    -0.28676    -0.24717       8     8     0
   0.50000     0.50000     0.72145    -0.26974    -0.26716       8     8     0
   0.00000     0.50796     0.09742    -0.09683    -0.14173       8     8     0
   0.00796     0.50796     0.09462    -0.09582    -0.13922       8     8     0
   0.04099     0.50796     0.08447    -0.09125    -0.13107       8     8     0
   0.09666     0.50796     0.07230    -0.08730    -0.12108       8     8     0
   0.16894     0.50796     0.06643    -0.09012    -0.11381       8     8     0
   0.25000     0.50796     0.09830    -0.11736    -0.10863       8     8     0
   0.33106     0.50796     0.24286    -0.21279    -0.09107       8     8     0
   0.40334     0.50796     0.47992    -0.32950    -0.09146       8     8     0
   0.45901     0.50796     0.65320    -0.35059    -0.15417       8     8     0
   0.49204     0.50796     0.71457    -0.30642    -0.22742       8     8     0
   0.50000     0.50796     0.72398    -0.29025    -0.24766       8     8     0
   0.00000     0.54099     0.08710    -0.08658    -0.13535       8     8     0
   0.00796     0.54099     0.08437    -0.08599    -0.13270       8     8     0
   0.04099     0.54099     0.07451    -0.08356    -0.12348       8     8     0
   0.09666     0.54099     0.06089    -0.08187    -0.11202       8     8     0
   0.16894     0.54099     0.05016    -0.08717    -0.10143       8     8     0
   0.25000     0.54099     0.06329    -0.11228    -0.09140       8     8     0
   0.33106     0.54099     0.16839    -0.20068    -0.06473       8     8     0
   0.40334     0.54099     0.38651    -0.33678    -0.03781       8     8     0
   0.45901     0.54099     0.58964    -0.40374    -0.06854       8     8     0
   0.49204     0.54099     0.68796    -0.38875    -0.12973       8     8     0
   0.50000     0.54099     0.70702    -0.37760    -0.14938       8     8     0
   0.00000     0.59666     0.06864    -0.06880    -0.12164       8     8     0
   0.00796     0.59666     0.06655    -0.06862    -0.11926       8     8     0
   0.04099     0.59666     0.05840    -0.06929    -0.10977       8     8     0
   0.09666     0.59666     0.04534    -0.07163    -0.09763       8     8     0
   0.16894     0.59666     0.03127    -0.07942    -0.08557       8     8     0
   0.25000     0.59666     0.02500    -0.10111    -0.07261       8     8     0
   0.33106     0.59666     0.07095    -0.16950    -0.04242       8     8     0
   0.40334     0.59666     0.22280    -0.30839     0.01527       8     8     0
   0.45901     0.59666     0.42335    -0.43821     0.04994       8     8     0
   0.49204     0.59666     0.55675    -0.48642     0.03757       8     8     0
   0.50000     0.59666     0.58750    -0.49072     0.02825       8     8     0
   0.00000     0.66894     0.04670    -0.04744    -0.10121       8     8     0
   0.00796     0.66894     0.04542    -0.04786    -0.09927       8     8     0
   0.04099     0.66894     0.03935    -0.05127    -0.09109       8     8     0
   0.09666     0.66894     0.02904    -0.05831    -0.07963       8     8     0
   0.16894     0.66894     0.01577    -0.06891    -0.06858       8     8     0
   0.25000     0.66894     0.00049    -0.08778    -0.05749       8     8     0
   0.33106     0.66894     0.00066    -0.13063    -0.03648       8     8     0
   0.40334     0.66894     0.05894    -0.23051     0.01724       8     8     0
   0.45901     0.66894     0.18360    -0.37100     0.09174       8     8     0
   0.49204     0.66894     0.29859    -0.47033     0.13827       8     8     0
   0.50000     0.66894     0.33020    -0.49318     0.14735       8     8     0
   0.00000     0.75000     0.02709    -0.02716    -0.07693       8     8     0
   0.00796     0.75000     0.02616    -0.02867    -0.07526       8     8     0
   0.04099     0.75000     0.02215    -0.03462    -0.06899       8     8     0
   0.09666     0.75000     0.01465    -0.04496    -0.05996       8     8     0
   0.16894     0.75000     0.00386    -0.05903    -0.05089       8     8     0
   0.25000     0.75000    -0.01172    -0.07755    -0.04262       8     8     0
   0.33106     0.75000    -0.03009    -0.10591    -0.03206       8     8     0
   0.40334     0.75000    -0.03290    -0.15992    -0.00649       8     8     0
   0.45901     0.75000    -0.00208    -0.24918     0.04442       8     8     0
   0.49204     0.75000     0.04422    -0.33327     0.09484       8     8     0
   0.50000     0.75000     0.05997    -0.35736     0.10931       8     8     0
   0.00000     0.83106     0.01257    -0.01208    -0.05219       8     8     0
   0.00796     0.83106     0.01191    -0.01434    -0.05096       8     8     0
   0.04099     0.83106     0.00978    -0.02246    -0.04654       8     8     0
   0.09666     0.83106     0.00487    -0.03513    -0.04053       8     8     0
   0.16894     0.83106    -0.00422    -0.05140    -0.03430       8     8     0
   0.25000     0.83106    -0.01788    -0.07065    -0.02846       8     8     0
   0.33106     0.83106    -0.03864    -0.09557    -0.02255       8     8     0
   0.40334     0.83106    -0.06212    -0.12968    -0.01322       8     8     0
   0.45901     0.83106    -0.07838    -0.17756     0.00560       8     8     0
   0.49204     0.83106    -0.08262    -0.22488     0.02781       8     8     0
   0.50000     0.83106    -0.08233    -0.23935     0.03501       8     8     0
   0.00000     0.90334     0.00418    -0.00376    -0.02988       8     8     0
   0.00796     0.90334     0.00383    -0.00625    -0.02921       8     8     0
   0.04099     0.90334     0.00263    -0.01541    -0.02673       8     8     0
   0.09666     0.90334    -0.00069    -0.02959    -0.02313       8     8     0
   0.16894     0.90334    -0.00866    -0.04700    -0.01944       8     8     0
   0.25000     0.90334    -0.02130    -0.06682    -0.01626       8     8     0
   0.33106     0.90334    -0.04033    -0.09111    -0.01320       8     8     0
   0.40334     0.90334    -0.06670    -0.12010    -0.00941       8     8     0
   0.45901     0.90334    -0.09448    -0.15461    -0.00288       8     8     0
   0.49204     0.90334    -0.11466    -0.18612     0.00504       8     8     0
   0.50000     0.90334    -0.12005    -0.19554     0.00768       8     8     0
   0.00000     0.95901     0.00098    -0.00054    -0.01265       8     8     0
   0.00796     0.95901     0.00074    -0.00315    -0.01238       8     8     0
   0.04099     0.95901    -0.00012    -0.01266    -0.01142       8     8     0
   0.09666     0.95901    -0.00313    -0.02715    -0.00984       8     8     0
   0.16894     0.95901    -0.01026    -0.04524    -0.00813       8     8     0
   0.25000     0.95901    -0.02252    -0.06543    -0.00690       8     8     0
   0.33106     0.95901    -0.04163    -0.08948    -0.00544       8     8     0
   0.40334     0.95901    -0.06709    -0.11780    -0.00406       8     8     0
   0.45901     0.95901    -0.09624    -0.14832    -0.00258       8     8     0
   0.49204     0.95901    -0.12001    -0.17450    -0.00003       8     8     0
   0.50000     0.95901    -0.12664    -0.18232     0.00102       8     8     0
   0.00000     0.99204     0.00034     0.00010    -0.00246       8     8     0
   0.00796     0.99204     0.00013    -0.00254    -0.00241       8     8     0
   0.04099     0.99204    -0.00066    -0.01212    -0.00222       8     8     0
   0.09666     0.99204    -0.00370    -0.02660    -0.00191       8     8     0
   0.16894     0.99204    -0.01059    -0.04488    -0.00158       8     8     0
   0.25000     0.99204    -0.02267    -0.06515    -0.00136       8     8     0
   0.33106     0.99204    -0.04186    -0.08897    -0.00112       8     8     0
   0.40334     0.99204    -0.06677    -0.11746    -0.00082       8     8     0
   0.45901     0.99204    -0.09622    -0.14758    -0.00042       8     8     0
   0.49204     0.99204    -0.12119    -0.17266     0.00012       8     8     0
   0.50000     0.99204    -0.12819    -0.18011     0.00032       8     8     0
   0.00000     1.00000     0.00032     0.00010     0.00000       8     8     0
   0.00796     1.00000     0.00011    -0.00252    -0.00001       8     8     0
   0.04099     1.00000    -0.00071    -0.01209     0.00002       8     8     0
   0.09666     1.00000    -0.00377    -0.02659     0.00006       8     8     0
   0.16894     1.00000    -0.01067    -0.04490     0.00007       8     8     0
   0.25000     1.00000    -0.02274    -0.06517     0.00005       8     8     0
   0.33106     1.00000    -0.04161    -0.08888    -0.00031       8     8     0
   0.40334     1.00000    -0.06623    -0.11712    -0.00061       8     8     0
   0.45901     1.00000    -0.09611    -0.14720    -0.00011       8     8     0
   0.49204     1.00000    -0.12162    -0.17255     0.00052       8     8     0
   0.50000     1.00000    -0.12875    -0.18012     0.00066       8     8     0
ZONE T= "IEL     3",  I=11,  J=11,  SOLUTIONTIME=   1.45020,  DATAPACKING = POINT
   0.50000     0.50000     0.72116    -0.26807    -0.26807       8     8     0
   0.50796     0.50000     0.72356    -0.24844    -0.28901       8     8     0
   0.54099     0.50000     0.70618    -0.14884    -0.37861       8     8     0
   0.59666     0.50000     0.58474     0.03107    -0.49532       8     8     0
   0.66894     0.50000     0.32814     0.14892    -0.49584       8     8     0
   0.75000     0.50000     0.06407     0.10715    -0.35280       8     8     0
   0.83106     0.50000    -0.07649     0.03339    -0.23351       8     8     0
   0.90334     0.50000    -0.11664     0.00843    -0.19210       8     8     0
   0.95901     0.50000    -0.12367     0.00166    -0.17924       8     8     0
   0.99204     0.50000    -0.12526     0.00050    -0.17712       8     8     0
   1.00000     0.50000    -0.12599     0.00086    -0.17726       8     8     0
   0.50000     0.50796     0.72356    -0.28901    -0.24844       8     8     0
   0.50796     0.50796     0.72915    -0.26990    -0.26990       8     8     0
   0.54099     0.50796     0.72401    -0.17115    -0.36332       8     8     0
   0.59666     0.50796     0.61900     0.01729    -0.49385       8     8     0
   0.66894     0.50796     0.36332     0.15600    -0.51630       8     8     0
   0.75000     0.50796     0.07719     0.12450    -0.38244       8     8     0
   0.83106     0.50796    -0.08098     0.04288    -0.25455       8     8     0
   0.90334     0.50796    -0.12539     0.01051    -0.20529       8     8     0
   0.95901     0.50796    -0.13346     0.00201    -0.19066       8     8     0
   0.99204     0.50796    -0.13533     0.00051    -0.18822       8     8     0
   1.00000     0.50796    -0.13609     0.00088    -0.18833       8     8     0
   0.50000     0.54099     0.70618    -0.37861    -0.14884       8     8     0
   0.50796     0.54099     0.72401    -0.36332    -0.17115       8     8     0
   0.54099     0.54099     0.76678    -0.27532    -0.27532       8     8     0
   0.59666     0.54099     0.73458    -0.05903    -0.46464       8     8     0
   0.66894     0.54099     0.51548     0.16852    -0.58735       8     8     0
   0.75000     0.54099     0.17337     0.19070    -0.49527       8     8     0
   0.83106     0.54099    -0.06604     0.08707    -0.33678       8     8     0
   0.90334     0.54099    -0.14959     0.02777    -0.25872       8     8     0
   0.95901     0.54099    -0.16765     0.00841    -0.23375       8     8     0
   0.99204     0.54099    -0.17169     0.00161    -0.22895       8     8     0
   1.00000     0.54099    -0.17285     0.00131    -0.22947       8     8     0
   0.50000     0.59666     0.58474    -0.49532     0.03107       8     8     0
   0.50796     0.59666     0.61900    -0.49385     0.01729       8     8     0
   0.54099     0.59666     0.73458    -0.46464    -0.05903       8     8     0
   0.59666     0.59666     0.84700    -0.27905    -0.27905       8     8     0
   0.66894     0.59666     0.77933     0.08090    -0.58195       8     8     0
   0.75000     0.59666     0.43042     0.28096    -0.66888       8     8     0
   0.83106     0.59666     0.03649     0.19574    -0.51670       8     8     0
   0.90334     0.59666    -0.16840     0.08002    -0.38402       8     8     0
   0.95901     0.59666    -0.22472     0.02834    -0.33782       8     8     0
   0.99204     0.59666    -0.23491     0.00497    -0.32850       8     8     0
   1.00000     0.59666    -0.23622     0.00118    -0.32932       8     8     0
   0.50000     0.66894     0.32814    -0.49584     0.14892       8     8     0
   0.50796     0.66894     0.36332    -0.51630     0.15600       8     8     0
   0.54099     0.66894     0.51548    -0.58735     0.16852       8     8     0
   0.59666     0.66894     0.77933    -0.58195     0.08090       8     8     0
   0.66894     0.66894     1.01542    -0.25956    -0.25956       8     8     0
   0.75000     0.66894     0.90150     0.20739    -0.65119       8     8     0
   0.83106     0.66894     0.41718     0.33903    -0.72087       8     8     0
   0.90334     0.66894    -0.01117     0.20041    -0.58824       8     8     0
   0.95901     0.66894    -0.18856     0.07851    -0.50591       8     8     0
   0.99204     0.66894    -0.22361     0.01432    -0.48626       8     8     0
   1.00000     0.66894    -0.22340    -0.00180    -0.48503       8     8     0
   0.50000     0.75000     0.06407    -0.35280     0.10715       8     8     0
   0.50796     0.75000     0.07719    -0.38244     0.12450       8     8     0
   0.54099     0.75000     0.17337    -0.49527     0.19070       8     8     0
   0.59666     0.75000     0.43042    -0.66888     0.28096       8     8     0
   0.66894     0.75000     0.90150    -0.65119     0.20739       8     8     0
   0.75000     0.75000     1.30325    -0.19335    -0.19335       8     8     0
   0.83106     0.75000     1.14787     0.26750    -0.58913       8     8     0
   0.90334     0.75000     0.65541     0.31426    -0.68186       8     8     0
   0.95901     0.75000     0.34330     0.15635    -0.64758       8     8     0
   0.99204     0.75000     0.26981     0.03159    -0.63423       8     8     0
   1.00000     0.75000     0.26820    -0.00167    -0.63221       8     8     0
   0.50000     0.83106    -0.07649    -0.23351     0.03339       8     8     0
   0.50796     0.83106    -0.08098    -0.25455     0.04288       8     8     0
   0.54099     0.83106    -0.06604    -0.33678     0.08707       8     8     0
   0.59666     0.83106     0.03649    -0.51670     0.19574       8     8     0
   0.66894     0.83106     0.41718    -0.72087     0.33903       8     8     0
   0.75000     0.83106     1.14787    -0.58913     0.26750       8     8     0
   0.83106     0.83106     1.67259    -0.12743    -0.12743       8     8     0
   0.90334     0.83106     1.65993     0.14925    -0.52540       8     8     0
   0.95901     0.83106     1.51324     0.11310    -0.70768       8     8     0
   0.99204     0.83106     1.46861     0.02517    -0.74805       8     8     0
   1.00000     0.83106     1.46348     0.00323    -0.74997       8     8     0
   0.50000     0.90334    -0.11664    -0.19210     0.00843       8     8     0
   0.50796     0.90334    -0.12539    -0.20529     0.01051       8     8     0
   0.54099     0.90334    -0.14959    -0.25872     0.02777       8     8     0
   0.59666     0.90334    -0.16840    -0.38402     0.08002       8     8     0
   0.66894     0.90334    -0.01117    -0.58824     0.20041       8     8     0
   0.75000     0.90334     0.65541    -0.68186     0.31426       8     8     0
   0.83106     0.90334     1.65993    -0.52540     0.14925       8     8     0
   0.90334     0.90334     2.39804    -0.28466    -0.28466       8     8     0
   0.95901     0.90334     2.70345    -0.11640    -0.59713       8     8     0
   0.99204     0.90334     2.76798    -0.02189    -0.67596       8     8     0
   1.00000     0.90334     2.76815     0.00221    -0.68025       8     8     0
   0.50000     0.95901    -0.12367    -0.17924     0.00166       8     8     0
   0.50796     0.95901    -0.13346    -0.19066     0.00201       8     8     0
   0.54099     0.95901    -0.16765    -0.23375     0.00841       8     8     0
   0.59666     0.95901    -0.22472    -0.33782     0.02834       8     8     0
   0.66894     0.95901    -0.18856    -0.50591     0.07851       8     8     0
   0.75000     0.95901     0.34330    -0.64758     0.15635       8     8     0
   0.83106     0.95901     1.51324    -0.70768     0.11310       8     8     0
   0.90334     0.95901     2.70345    -0.59713    -0.11640       8     8     0
   0.95901     0.95901     3.32046    -0.30696    -0.30696       8     8     0
   0.99204     0.95901     3.46394    -0.06212    -0.35646       8     8     0
   1.00000     0.95901     3.47175    -0.00249    -0.35898       8     8     0
   0.50000     0.99204    -0.12526    -0.17712     0.00050       8     8     0
   0.50796     0.99204    -0.13533    -0.18822     0.00051       8     8     0
   0.54099     0.99204    -0.17169    -0.22895     0.00161       8     8     0
   0.59666     0.99204    -0.23491    -0.32850     0.00497       8     8     0
   0.66894     0.99204    -0.22361    -0.48626     0.01432       8     8     0
   0.75000     0.99204     0.26981    -0.63423     0.03159       8     8     0
   0.83106     0.99204     1.46861    -0.74805     0.02517       8     8     0
   0.90334     0.99204     2.76798    -0.67596    -0.02189       8     8     0
   0.95901     0.99204     3.46394    -0.35646    -0.06212       8     8     0
   0.99204     0.99204     3.62762    -0.07263    -0.07263       8     8     0
   1.00000     0.99204     3.63769    -0.00400    -0.07317       8     8     0
   0.50000     1.00000    -0.12599    -0.17726     0.00086       8     8     0
   0.50796     1.00000    -0.13609    -0.18833     0.00088       8     8     0
   0.54099     1.00000    -0.17285    -0.22947     0.00131       8     8     0
   0.59666     1.00000    -0.23622    -0.32932     0.00118       8     8     0
   0.66894     1.00000    -0.22340    -0.48503    -0.00180       8     8     0
   0.75000     1.00000     0.26820    -0.63221    -0.00167       8     8     0
   0.83106     1.00000     1.46348    -0.74997     0.00323       8     8     0
   0.90334     1.00000     2.76815    -0.68025     0.00221       8     8     0
   0.95901     1.00000     3.47175    -0.35898    -0.00249       8     8     0
   0.99204     1.00000     3.63769    -0.07317    -0.00400       8     8     0
   1.00000     1.00000     3.64792    -0.00404    -0.00404       8     8     0
ZONE T= "IEL     4",  I=11,  J=11,  SOLUTIONTIME=   1.45020,  DATAPACKING = POINT
   0.50000     0.00000     0.09970    -0.14295    -0.09913       8     8     0
   0.50796     0.00000     0.09742    -0.14173    -0.09683       8     8     0
   0.54099     0.00000     0.08710    -0.13535    -0.08658       8     8     0
   0.59666     0.00000     0.06864    -0.12164    -0.06880       8     8     0
   0.66894     0.00000     0.04670    -0.10121    -0.04744       8     8     0
   0.75000     0.00000     0.02709    -0.07693    -0.02716       8     8     0
   0.83106     0.00000     0.01257    -0.05219    -0.01208       8     8     0
   0.90334     0.00000     0.00418    -0.02988    -0.00376       8     8     0
   0.95901     0.00000     0.00098    -0.01265    -0.00054       8     8     0
   0.99204     0.00000     0.00034    -0.00246     0.00010       8     8     0
   1.00000     0.00000     0.00032     0.00000     0.00010       8     8     0
   0.50000     0.00796     0.09694    -0.14053    -0.09801       8     8     0
   0.50796     0.00796     0.09462    -0.13922    -0.09582       8     8     0
   0.54099     0.00796     0.08437    -0.13270    -0.08599       8     8     0
   0.59666     0.00796     0.06655    -0.11926    -0.06862       8     8     0
   0.66894     0.00796     0.04542    -0.09927    -0.04786       8     8     0
   0.75000     0.00796     0.02616    -0.07526    -0.02867       8     8     0
   0.83106     0.00796     0.01191    -0.05096    -0.01434       8     8     0
   0.90334     0.00796     0.00383    -0.02921    -0.00625       8     8     0
   0.95901     0.00796     0.00074    -0.01238    -0.00315       8     8     0
   0.99204     0.00796     0.00013    -0.00241    -0.00254       8     8     0
   1.00000     0.00796     0.00011    -0.00001    -0.00252       8     8     0
   0.50000     0.04099     0.08694    -0.13276    -0.09294       8     8     0
   0.50796     0.04099     0.08447    -0.13107    -0.09125       8     8     0
   0.54099     0.04099     0.07451    -0.12348    -0.08356       8     8     0
   0.59666     0.04099     0.05840    -0.10977    -0.06929       8     8     0
   0.66894     0.04099     0.03935    -0.09109    -0.05127       8     8     0
   0.75000     0.04099     0.02215    -0.06899    -0.03462       8     8     0
   0.83106     0.04099     0.00978    -0.04654    -0.02246       8     8     0
   0.90334     0.04099     0.00263    -0.02673    -0.01541       8     8     0
   0.95901     0.04099    -0.00012    -0.01142    -0.01266       8     8     0
   0.99204     0.04099    -0.00066    -0.00222    -0.01212       8     8     0
   1.00000     0.04099    -0.00071     0.00002    -0.01209       8     8     0
   0.50000     0.09666     0.07536    -0.12336    -0.08841       8     8     0
   0.50796     0.09666     0.07230    -0.12108    -0.08730       8     8     0
   0.54099     0.09666     0.06089    -0.11202    -0.08187       8     8     0
   0.59666     0.09666     0.04534    -0.09763    -0.07163       8     8     0
   0.66894     0.09666     0.02904    -0.07963    -0.05831       8     8     0
   0.75000     0.09666     0.01465    -0.05996    -0.04496       8     8     0
   0.83106     0.09666     0.00487    -0.04053    -0.03513       8     8     0
   0.90334     0.09666    -0.00069    -0.02313    -0.02959       8     8     0
   0.95901     0.09666    -0.00313    -0.00984    -0.02715       8     8     0
   0.99204     0.09666    -0.00370    -0.00191    -0.02660       8     8     0
   1.00000     0.09666    -0.00377     0.00006    -0.02659       8     8     0
   0.50000     0.16894     0.07105    -0.11727    -0.09048       8     8     0
   0.50796     0.16894     0.06643    -0.11381    -0.09012       8     8     0
   0.54099     0.16894     0.05016    -0.10143    -0.08717       8     8     0
   0.59666     0.16894     0.03127    -0.08557    -0.07942       8     8     0
   0.66894     0.16894     0.01577    -0.06858    -0.06891       8     8     0
   0.75000     0.16894     0.00386    -0.05089    -0.05903       8     8     0
   0.83106     0.16894    -0.00422    -0.03430    -0.05140       8     8     0
   0.90334     0.16894    -0.00866    -0.01944    -0.04700       8     8     0
   0.95901     0.16894    -0.01026    -0.00813    -0.04524       8     8     0
   0.99204     0.16894    -0.01059    -0.00158    -0.04488       8     8     0
   1.00000     0.16894    -0.01067     0.00007    -0.04490       8     8     0
   0.50000     0.25000     0.10826    -0.11355    -0.11825       8     8     0
   0.50796     0.25000     0.09830    -0.10863    -0.11736       8     8     0
   0.54099     0.25000     0.06329    -0.09140    -0.11228       8     8     0
   0.59666     0.25000     0.02500    -0.07261    -0.10111       8     8     0
   0.66894     0.25000     0.00049    -0.05749    -0.08778       8     8     0
   0.75000     0.25000    -0.01172    -0.04262    -0.07755       8     8     0
   0.83106     0.25000    -0.01788    -0.02846    -0.07065       8     8     0
   0.90334     0.25000    -0.02130    -0.01626    -0.06682       8     8     0
   0.95901     0.25000    -0.02252    -0.00690    -0.06543       8     8     0
   0.99204     0.25000    -0.02267    -0.00136    -0.06515       8     8     0
   1.00000     0.25000    -0.02274     0.00005    -0.06517       8     8     0
   0.50000     0.33106     0.26173    -0.09887    -0.21456       8     8     0
   0.50796     0.33106     0.24286    -0.09107    -0.21279       8     8     0
   0.54099     0.33106     0.16839    -0.06473    -0.20068       8     8     0
   0.59666     0.33106     0.07095    -0.04242    -0.16950       8     8     0
   0.66894     0.33106     0.00066    -0.03648    -0.13063       8     8     0
   0.75000     0.33106    -0.03009    -0.03206    -0.10591       8     8     0
   0.83106     0.33106    -0.03864    -0.02255    -0.09557       8     8     0
   0.90334     0.33106    -0.04033    -0.01320    -0.09111       8     8     0
   0.95901     0.33106    -0.04163    -0.00544    -0.08948       8     8     0
   0.99204     0.33106    -0.04186    -0.00112    -0.08897       8     8     0
   1.00000     0.33106    -0.04161    -0.00031    -0.08888       8     8     0
   0.50000     0.40334     0.50031    -0.10544    -0.32545       8     8     0
   0.50796     0.40334     0.47992    -0.09146    -0.32950       8     8     0
   0.54099     0.40334     0.38651    -0.03781    -0.33678       8     8     0
   0.59666     0.40334     0.22280     0.01527    -0.30839       8     8     0
   0.66894     0.40334     0.05894     0.01724    -0.23051       8     8     0
   0.75000     0.40334    -0.03290    -0.00649    -0.15992       8     8     0
   0.83106     0.40334    -0.06212    -0.01322    -0.12968       8     8     0
   0.90334     0.40334    -0.06670    -0.00941    -0.12010       8     8     0
   0.95901     0.40334    -0.06709    -0.00406    -0.11780       8     8     0
   0.99204     0.40334    -0.06677    -0.00082    -0.11746       8     8     0
   1.00000     0.40334    -0.06623    -0.00061    -0.11712       8     8     0
   0.50000     0.45901     0.66364    -0.17317    -0.33642       8     8     0
   0.50796     0.45901     0.65320    -0.15417    -0.35059       8     8     0
   0.54099     0.45901     0.58964    -0.06854    -0.40374       8     8     0
   0.59666     0.45901     0.42335     0.04994    -0.43821       8     8     0
   0.66894     0.45901     0.18360     0.09174    -0.37100       8     8     0
   0.75000     0.45901    -0.00208     0.04442    -0.24918       8     8     0
   0.83106     0.45901    -0.07838     0.00560    -0.17756       8     8     0
   0.90334     0.45901    -0.09448    -0.00288    -0.15461       8     8     0
   0.95901     0.45901    -0.09624    -0.00258    -0.14832       8     8     0
   0.99204     0.45901    -0.09622    -0.00042    -0.14758       8     8     0
   1.00000     0.45901    -0.09611    -0.00011    -0.14720       8     8     0
   0.50000     0.49204     0.71473    -0.24717    -0.28676       8     8     0
   0.50796     0.49204     0.71457    -0.22742    -0.30642       8     8     0
   0.54099     0.49204     0.68796    -0.12973    -0.38875       8     8     0
   0.59666     0.49204     0.55675     0.03757    -0.48642       8     8     0
   0.66894     0.49204     0.29859     0.13827    -0.47033       8     8     0
   0.75000     0.49204     0.04422     0.09484    -0.33327       8     8     0
   0.83106     0.49204    -0.08262     0.02781    -0.22488       8     8     0
   0.90334     0.49204    -0.11466     0.00504    -0.18612       8     8     0
   0.95901     0.49204    -0.12001    -0.00003    -0.17450       8     8     0
   0.99204     0.49204    -0.12119     0.00012    -0.17266       8     8     0
   1.00000     0.49204    -0.12162     0.00052    -0.17255       8     8     0
   0.50000     0.50000     0.72145    -0.26716    -0.26974       8     8     0
   0.50796     0.50000     0.72398    -0.24766    -0.29025       8     8     0
   0.54099     0.50000     0.70702    -0.14938    -0.37760       8     8     0
   0.59666     0.50000     0.58750     0.02825    -0.49072       8     8     0
   0.66894     0.50000     0.33020     0.14735    -0.49318       8     8     0
   0.75000     0.50000     0.05997     0.10931    -0.35736       8     8     0
   0.83106     0.50000    -0.08233     0.03501    -0.23935       8     8     0
   0.90334     0.50000    -0.12005     0.00768    -0.19554       8     8     0
   0.95901     0.50000    -0.12664     0.00102    -0.18232       8     8     0
   0.99204     0.50000    -0.12819     0.00032    -0.18011       8     8     0
   1.00000     0.50000    -0.12875     0.00066    -0.18012       8     8     0
