TITLE = "MESH AND SOLUTIONS"
VARIABLES = "X", "Y", "PRESSURE", "U", "V",  "N", "M", "PROC"
ZONE T= "IEL     1",  I=11,  J=11,  SOLUTIONTIME=   1.60020,  DATAPACKING = POINT
   0.00000     0.00000    -0.00000    -0.00000    -0.00000       8     8     0
   0.00796     0.00000    -0.00000     0.00001    -0.00000       8     8     0
   0.04099     0.00000    -0.00000     0.00009    -0.00000       8     8     0
   0.09666     0.00000    -0.00000     0.00006     0.00000       8     8     0
   0.16894     0.00000    -0.00000    -0.00003     0.00000       8     8     0
   0.25000     0.00000    -0.00000     0.00002     0.00000       8     8     0
   0.33106     0.00000     0.00000    -0.00002    -0.00000       8     8     0
   0.40334     0.00000     0.00001     0.00002    -0.00001       8     8     0
   0.45901     0.00000     0.00001     0.00001    -0.00001       8     8     0
   0.49204     0.00000     0.00001    -0.00001    -0.00000       8     8     0
   0.50000     0.00000     0.00000     0.00001    -0.00000       8     8     0
   0.00000     0.00796    -0.00000    -0.00000     0.00001       8     8     0
   0.00796     0.00796    -0.00000    -0.00001    -0.00001       8     8     0
   0.04099     0.00796    -0.00000     0.00003    -0.00001       8     8     0
   0.09666     0.00796    -0.00000     0.00002     0.00001       8     8     0
   0.16894     0.00796    -0.00000    -0.00002    -0.00000       8     8     0
   0.25000     0.00796    -0.00000     0.00002     0.00000       8     8     0
   0.33106     0.00796    -0.00000    -0.00002     0.00000       8     8     0
   0.40334     0.00796     0.00001     0.00001    -0.00001       8     8     0
   0.45901     0.00796     0.00001     0.00001     0.00000       8     8     0
   0.49204     0.00796     0.00001    -0.00001    -0.00002       8     8     0
   0.50000     0.00796     0.00000     0.00001    -0.00004       8     8     0
   0.00000     0.04099    -0.00000    -0.00000     0.00009       8     8     0
   0.00796     0.04099    -0.00000    -0.00001     0.00003       8     8     0
   0.04099     0.04099    -0.00000    -0.00003    -0.00003       8     8     0
   0.09666     0.04099    -0.00000    -0.00002     0.00002       8     8     0
   0.16894     0.04099    -0.00000    -0.00000    -0.00001       8     8     0
   0.25000     0.04099    -0.00000     0.00001     0.00000       8     8     0
   0.33106     0.04099    -0.00000    -0.00000     0.00001       8     8     0
   0.40334     0.04099     0.00000    -0.00000    -0.00002       8     8     0
   0.45901     0.04099     0.00001     0.00001     0.00002       8     8     0
   0.49204     0.04099     0.00001     0.00001    -0.00003       8     8     0
   0.50000     0.04099     0.00001     0.00001    -0.00008       8     8     0
   0.00000     0.09666    -0.00000     0.00000     0.00006       8     8     0
   0.00796     0.09666    -0.00000     0.00001     0.00002       8     8     0
   0.04099     0.09666    -0.00000     0.00002    -0.00002       8     8     0
   0.09666     0.09666     0.00000     0.00001     0.00001       8     8     0
   0.16894     0.09666     0.00000     0.00000    -0.00001       8     8     0
   0.25000     0.09666    -0.00000    -0.00001    -0.00000       8     8     0
   0.33106     0.09666    -0.00000     0.00001     0.00001       8     8     0
   0.40334     0.09666    -0.00001    -0.00001    -0.00000       8     8     0
   0.45901     0.09666    -0.00000    -0.00000     0.00001       8     8     0
   0.49204     0.09666     0.00000     0.00001    -0.00001       8     8     0
   0.50000     0.09666     0.00001     0.00000    -0.00002       8     8     0
   0.00000     0.16894    -0.00000     0.00000    -0.00003       8     8     0
   0.00796     0.16894    -0.00000    -0.00000    -0.00002       8     8     0
   0.04099     0.16894    -0.00000    -0.00001    -0.00000       8     8     0
   0.09666     0.16894     0.00000    -0.00001     0.00000       8     8     0
   0.16894     0.16894     0.00000     0.00000     0.00000       8     8     0
   0.25000     0.16894     0.00000    -0.00000    -0.00000       8     8     0
   0.33106     0.16894     0.00000     0.00000    -0.00000       8     8     0
   0.40334     0.16894     0.00000     0.00000     0.00001       8     8     0
   0.45901     0.16894    -0.00000    -0.00000    -0.00000       8     8     0
   0.49204     0.16894    -0.00001    -0.00001     0.00001       8     8     0
   0.50000     0.16894    -0.00001    -0.00001     0.00003       8     8     0
   0.00000     0.25000    -0.00000     0.00000     0.00002       8     8     0
   0.00796     0.25000    -0.00000     0.00000     0.00002       8     8     0
   0.04099     0.25000    -0.00000     0.00000     0.00001       8     8     0
   0.09666     0.25000    -0.00000    -0.00000    -0.00001       8     8     0
   0.16894     0.25000     0.00000    -0.00000    -0.00000       8     8     0
   0.25000     0.25000    -0.00000     0.00001     0.00001       8     8     0
   0.33106     0.25000     0.00000    -0.00000    -0.00000       8     8     0
   0.40334     0.25000     0.00000     0.00000    -0.00000       8     8     0
   0.45901     0.25000     0.00000     0.00001    -0.00001       8     8     0
   0.49204     0.25000     0.00000     0.00000     0.00000       8     8     0
   0.50000     0.25000     0.00000     0.00000     0.00001       8     8     0
   0.00000     0.33106     0.00000    -0.00000    -0.00002       8     8     0
   0.00796     0.33106    -0.00000     0.00000    -0.00002       8     8     0
   0.04099     0.33106    -0.00000     0.00001    -0.00000       8     8     0
   0.09666     0.33106    -0.00000     0.00001     0.00001       8     8     0
   0.16894     0.33106     0.00000    -0.00000     0.00000       8     8     0
   0.25000     0.33106     0.00000    -0.00000    -0.00000       8     8     0
   0.33106     0.33106    -0.00000     0.00000     0.00000       8     8     0
   0.40334     0.33106    -0.00000    -0.00000     0.00000       8     8     0
   0.45901     0.33106     0.00000    -0.00000    -0.00000       8     8     0
   0.49204     0.33106     0.00001     0.00000    -0.00001       8     8     0
   0.50000     0.33106     0.00001     0.00000    -0.00001       8     8     0
   0.00000     0.40334     0.00001    -0.00001     0.00002       8     8     0
   0.00796     0.40334     0.00001    -0.00001     0.00001       8     8     0
   0.04099     0.40334     0.00000    -0.00002    -0.00000       8     8     0
   0.09666     0.40334    -0.00001    -0.00000    -0.00001       8     8     0
   0.16894     0.40334     0.00000     0.00001     0.00000       8     8     0
   0.25000     0.40334     0.00000    -0.00000     0.00000       8     8     0
   0.33106     0.40334    -0.00000     0.00000    -0.00000       8     8     0
   0.40334     0.40334     0.00001    -0.00000    -0.00000       8     8     0
   0.45901     0.40334    -0.00000    -0.00001     0.00000       8     8     0
   0.49204     0.40334    -0.00001    -0.00000     0.00001       8     8     0
   0.50000     0.40334    -0.00002    -0.00000     0.00001       8     8     0
   0.00000     0.45901     0.00001    -0.00001     0.00001       8     8     0
   0.00796     0.45901     0.00001     0.00000     0.00001       8     8     0
   0.04099     0.45901     0.00001     0.00002     0.00001       8     8     0
   0.09666     0.45901    -0.00000     0.00001    -0.00000       8     8     0
   0.16894     0.45901    -0.00000    -0.00000    -0.00000       8     8     0
   0.25000     0.45901     0.00000    -0.00001     0.00001       8     8     0
   0.33106     0.45901     0.00000    -0.00000    -0.00000       8     8     0
   0.40334     0.45901    -0.00000     0.00000    -0.00001       8     8     0
   0.45901     0.45901     0.00000     0.00000     0.00000       8     8     0
   0.49204     0.45901     0.00000    -0.00000     0.00000       8     8     0
   0.50000     0.45901     0.00000    -0.00000     0.00000       8     8     0
   0.00000     0.49204     0.00001    -0.00000    -0.00001       8     8     0
   0.00796     0.49204     0.00001    -0.00002    -0.00001       8     8     0
   0.04099     0.49204     0.00001    -0.00003     0.00001       8     8     0
   0.09666     0.49204     0.00000    -0.00001     0.00001       8     8     0
   0.16894     0.49204    -0.00001     0.00001    -0.00001       8     8     0
   0.25000     0.49204     0.00000     0.00000     0.00000       8     8     0
   0.33106     0.49204     0.00001    -0.00001     0.00000       8     8     0
   0.40334     0.49204    -0.00001     0.00001    -0.00000       8     8     0
   0.45901     0.49204     0.00000     0.00000    -0.00000       8     8     0
   0.49204     0.49204     0.00002    -0.00000    -0.00000       8     8     0
   0.50000     0.49204     0.00002    -0.00000    -0.00001       8     8     0
   0.00000     0.50000     0.00000    -0.00000     0.00001       8     8     0
   0.00796     0.50000     0.00000    -0.00004     0.00001       8     8     0
   0.04099     0.50000     0.00001    -0.00008     0.00001       8     8     0
   0.09666     0.50000     0.00001    -0.00002     0.00000       8     8     0
   0.16894     0.50000    -0.00001     0.00003    -0.00001       8     8     0
   0.25000     0.50000     0.00000     0.00001     0.00000       8     8     0
   0.33106     0.50000     0.00001    -0.00001     0.00000       8     8     0
   0.40334     0.50000    -0.00002     0.00001    -0.00000       8     8     0
   0.45901     0.50000     0.00000     0.00000    -0.00000       8     8     0
   0.49204     0.50000     0.00002    -0.00001    -0.00000       8     8     0
   0.50000     0.50000     0.00002    -0.00000    -0.00000       8     8     0
ZONE T= "IEL     2",  I=11,  J=11,  SOLUTIONTIME=   1.60020,  DATAPACKING = POINT
   0.00000     0.50000     0.00000    -0.00000     0.00001       8     8     0
   0.00796     0.50000     0.00001    -0.00000     0.00001       8     8     0
   0.04099     0.50000     0.00002    -0.00001     0.00002       8     8     0
   0.09666     0.50000     0.00001    -0.00001     0.00001       8     8     0
   0.16894     0.50000    -0.00002     0.00001    -0.00001       8     8     0
   0.25000     0.50000     0.00000     0.00000     0.00000       8     8     0
   0.33106     0.50000     0.00002    -0.00001     0.00001       8     8     0
   0.40334     0.50000    -0.00003     0.00001    -0.00001       8     8     0
   0.45901     0.50000    -0.00001     0.00001    -0.00002       8     8     0
   0.49204     0.50000     0.00002    -0.00000    -0.00000       8     8     0
   0.50000     0.50000     0.00003    -0.00000    -0.00000       8     8     0
   0.00000     0.50796     0.00000     0.00000     0.00001       8     8     0
   0.00796     0.50796     0.00000    -0.00000     0.00001       8     8     0
   0.04099     0.50796     0.00001    -0.00001     0.00001       8     8     0
   0.09666     0.50796     0.00001    -0.00001     0.00000       8     8     0
   0.16894     0.50796    -0.00001     0.00001    -0.00001       8     8     0
   0.25000     0.50796     0.00000     0.00000     0.00000       8     8     0
   0.33106     0.50796     0.00001    -0.00001     0.00000       8     8     0
   0.40334     0.50796    -0.00002     0.00001    -0.00000       8     8     0
   0.45901     0.50796    -0.00000     0.00000    -0.00000       8     8     0
   0.49204     0.50796     0.00002    -0.00000    -0.00001       8     8     0
   0.50000     0.50796     0.00002     0.00000    -0.00001       8     8     0
   0.00000     0.54099    -0.00001     0.00001     0.00000       8     8     0
   0.00796     0.54099    -0.00000     0.00000     0.00000       8     8     0
   0.04099     0.54099     0.00001    -0.00000     0.00001       8     8     0
   0.09666     0.54099     0.00001    -0.00001     0.00001       8     8     0
   0.16894     0.54099    -0.00001     0.00000    -0.00001       8     8     0
   0.25000     0.54099    -0.00000     0.00001    -0.00000       8     8     0
   0.33106     0.54099     0.00001    -0.00001     0.00001       8     8     0
   0.40334     0.54099    -0.00001     0.00000    -0.00000       8     8     0
   0.45901     0.54099    -0.00000     0.00000    -0.00000       8     8     0
   0.49204     0.54099     0.00002    -0.00000     0.00000       8     8     0
   0.50000     0.54099     0.00002    -0.00000     0.00000       8     8     0
   0.00000     0.59666    -0.00002     0.00002    -0.00001       8     8     0
   0.00796     0.59666    -0.00002     0.00002    -0.00001       8     8     0
   0.04099     0.59666    -0.00000     0.00001    -0.00001       8     8     0
   0.09666     0.59666     0.00002    -0.00001     0.00001       8     8     0
   0.16894     0.59666     0.00001    -0.00001     0.00000       8     8     0
   0.25000     0.59666    -0.00002     0.00002    -0.00001       8     8     0
   0.33106     0.59666     0.00001    -0.00000     0.00001       8     8     0
   0.40334     0.59666     0.00002    -0.00002     0.00001       8     8     0
   0.45901     0.59666    -0.00003     0.00002    -0.00001       8     8     0
   0.49204     0.59666    -0.00004     0.00002    -0.00001       8     8     0
   0.50000     0.59666    -0.00003     0.00001    -0.00000       8     8     0
   0.00000     0.66894     0.00000    -0.00000    -0.00000       8     8     0
   0.00796     0.66894    -0.00000     0.00000    -0.00001       8     8     0
   0.04099     0.66894    -0.00003     0.00002    -0.00002       8     8     0
   0.09666     0.66894    -0.00003     0.00002    -0.00002       8     8     0
   0.16894     0.66894     0.00003    -0.00001     0.00002       8     8     0
   0.25000     0.66894     0.00001    -0.00001     0.00000       8     8     0
   0.33106     0.66894    -0.00004     0.00002    -0.00003       8     8     0
   0.40334     0.66894     0.00002    -0.00001     0.00002       8     8     0
   0.45901     0.66894     0.00004    -0.00002     0.00002       8     8     0
   0.49204     0.66894     0.00001    -0.00001    -0.00000       8     8     0
   0.50000     0.66894    -0.00000    -0.00000    -0.00001       8     8     0
   0.00000     0.75000     0.00003    -0.00002     0.00003       8     8     0
   0.00796     0.75000     0.00003    -0.00003     0.00003       8     8     0
   0.04099     0.75000     0.00002    -0.00002     0.00002       8     8     0
   0.09666     0.75000    -0.00001     0.00001    -0.00001       8     8     0
   0.16894     0.75000    -0.00003     0.00003    -0.00002       8     8     0
   0.25000     0.75000     0.00003    -0.00002     0.00002       8     8     0
   0.33106     0.75000     0.00002    -0.00001     0.00001       8     8     0
   0.40334     0.75000    -0.00006     0.00004    -0.00004       8     8     0
   0.45901     0.75000     0.00001    -0.00000     0.00000       8     8     0
   0.49204     0.75000     0.00006    -0.00003     0.00003       8     8     0
   0.50000     0.75000     0.00006    -0.00003     0.00003       8     8     0
   0.00000     0.83106    -0.00002     0.00002    -0.00002       8     8     0
   0.00796     0.83106    -0.00001     0.00002    -0.00001       8     8     0
   0.04099     0.83106     0.00003    -0.00001     0.00001       8     8     0
   0.09666     0.83106     0.00005    -0.00003     0.00003       8     8     0
   0.16894     0.83106    -0.00002     0.00001    -0.00001       8     8     0
   0.25000     0.83106    -0.00004     0.00003    -0.00003       8     8     0
   0.33106     0.83106     0.00006    -0.00003     0.00003       8     8     0
   0.40334     0.83106     0.00002    -0.00002     0.00001       8     8     0
   0.45901     0.83106    -0.00009     0.00005    -0.00004       8     8     0
   0.49204     0.83106    -0.00008     0.00006    -0.00003       8     8     0
   0.50000     0.83106    -0.00007     0.00005    -0.00002       8     8     0
   0.00000     0.90334    -0.00002     0.00002    -0.00003       8     8     0
   0.00796     0.90334    -0.00002     0.00002    -0.00003       8     8     0
   0.04099     0.90334    -0.00005     0.00003    -0.00004       8     8     0
   0.09666     0.90334    -0.00002     0.00001     0.00000       8     8     0
   0.16894     0.90334     0.00006    -0.00004     0.00004       8     8     0
   0.25000     0.90334    -0.00001     0.00001    -0.00003       8     8     0
   0.33106     0.90334    -0.00007     0.00004    -0.00003       8     8     0
   0.40334     0.90334     0.00007    -0.00005     0.00006       8     8     0
   0.45901     0.90334     0.00007    -0.00004     0.00003       8     8     0
   0.49204     0.90334    -0.00002     0.00001    -0.00004       8     8     0
   0.50000     0.90334    -0.00003     0.00002    -0.00005       8     8     0
   0.00000     0.95901     0.00003    -0.00002     0.00002       8     8     0
   0.00796     0.95901     0.00001    -0.00002     0.00001       8     8     0
   0.04099     0.95901    -0.00004     0.00001    -0.00001       8     8     0
   0.09666     0.95901    -0.00007     0.00005    -0.00004       8     8     0
   0.16894     0.95901     0.00004    -0.00001     0.00001       8     8     0
   0.25000     0.95901     0.00005    -0.00004     0.00004       8     8     0
   0.33106     0.95901    -0.00009     0.00006    -0.00004       8     8     0
   0.40334     0.95901    -0.00001     0.00002    -0.00002       8     8     0
   0.45901     0.95901     0.00013    -0.00009     0.00007       8     8     0
   0.49204     0.95901     0.00011    -0.00008     0.00006       8     8     0
   0.50000     0.95901     0.00009    -0.00007     0.00005       8     8     0
   0.00000     0.99204     0.00004    -0.00004     0.00004       8     8     0
   0.00796     0.99204     0.00004    -0.00004     0.00004       8     8     0
   0.04099     0.99204     0.00002    -0.00002     0.00002       8     8     0
   0.09666     0.99204    -0.00004     0.00003    -0.00003       8     8     0
   0.16894     0.99204    -0.00002     0.00002    -0.00003       8     8     0
   0.25000     0.99204     0.00006    -0.00005     0.00005       8     8     0
   0.33106     0.99204    -0.00002     0.00001    -0.00001       8     8     0
   0.40334     0.99204    -0.00007     0.00006    -0.00007       8     8     0
   0.45901     0.99204     0.00004    -0.00003     0.00003       8     8     0
   0.49204     0.99204     0.00009    -0.00008     0.00008       8     8     0
   0.50000     0.99204     0.00009    -0.00008     0.00008       8     8     0
   0.00000     1.00000     0.00004    -0.00004     0.00003       8     8     0
   0.00796     1.00000     0.00004    -0.00004     0.00003       8     8     0
   0.04099     1.00000     0.00003    -0.00003     0.00003       8     8     0
   0.09666     1.00000    -0.00003     0.00003    -0.00002       8     8     0
   0.16894     1.00000    -0.00004     0.00003    -0.00004       8     8     0
   0.25000     1.00000     0.00006    -0.00004     0.00005       8     8     0
   0.33106     1.00000     0.00000     0.00000     0.00000       8     8     0
   0.40334     1.00000    -0.00008     0.00007    -0.00007       8     8     0
   0.45901     1.00000     0.00001    -0.00001     0.00001       8     8     0
   0.49204     1.00000     0.00009    -0.00007     0.00007       8     8     0
   0.50000     1.00000     0.00009    -0.00007     0.00007       8     8     0
ZONE T= "IEL     3",  I=11,  J=11,  SOLUTIONTIME=   1.60020,  DATAPACKING = POINT
   0.50000     0.50000     0.00003    -0.00001    -0.00001       8     8     0
   0.50796     0.50000     0.00003    -0.00001     0.00001       8     8     0
   0.54099     0.50000     0.00004    -0.00001     0.00002       8     8     0
   0.59666     0.50000    -0.00004    -0.00001     0.00002       8     8     0
   0.66894     0.50000    -0.00003     0.00001    -0.00002       8     8     0
   0.75000     0.50000     0.00007     0.00002    -0.00004       8     8     0
   0.83106     0.50000    -0.00003    -0.00001     0.00009       8     8     0
   0.90334     0.50000    -0.00006    -0.00004     0.00000       8     8     0
   0.95901     0.50000    -0.00003    -0.00002    -0.00019       8     8     0
   0.99204     0.50000    -0.00006    -0.00004    -0.00024       8     8     0
   1.00000     0.50000    -0.00005    -0.00005    -0.00024       8     8     0
   0.50000     0.50796     0.00003     0.00001    -0.00001       8     8     0
   0.50796     0.50796     0.00003    -0.00000    -0.00000       8     8     0
   0.54099     0.50796     0.00002     0.00000    -0.00000       8     8     0
   0.59666     0.50796    -0.00003    -0.00000     0.00002       8     8     0
   0.66894     0.50796    -0.00002    -0.00002     0.00000       8     8     0
   0.75000     0.50796     0.00007     0.00004    -0.00004       8     8     0
   0.83106     0.50796    -0.00005    -0.00002     0.00005       8     8     0
   0.90334     0.50796    -0.00007    -0.00007     0.00003       8     8     0
   0.95901     0.50796     0.00004     0.00004    -0.00008       8     8     0
   0.99204     0.50796     0.00009     0.00009    -0.00010       8     8     0
   1.00000     0.50796     0.00010     0.00008    -0.00009       8     8     0
   0.50000     0.54099     0.00004     0.00002    -0.00001       8     8     0
   0.50796     0.54099     0.00002    -0.00000     0.00000       8     8     0
   0.54099     0.54099     0.00002     0.00000     0.00000       8     8     0
   0.59666     0.54099    -0.00000     0.00001    -0.00001       8     8     0
   0.66894     0.54099    -0.00005    -0.00003     0.00002       8     8     0
   0.75000     0.54099     0.00005     0.00003    -0.00002       8     8     0
   0.83106     0.54099     0.00004     0.00002    -0.00002       8     8     0
   0.90334     0.54099    -0.00010    -0.00008     0.00008       8     8     0
   0.95901     0.54099    -0.00004    -0.00001     0.00006       8     8     0
   0.99204     0.54099     0.00007     0.00008    -0.00004       8     8     0
   1.00000     0.54099     0.00009     0.00008    -0.00006       8     8     0
   0.50000     0.59666    -0.00004     0.00002    -0.00001       8     8     0
   0.50796     0.59666    -0.00003     0.00002    -0.00000       8     8     0
   0.54099     0.59666    -0.00000    -0.00001     0.00001       8     8     0
   0.59666     0.59666     0.00007    -0.00001    -0.00001       8     8     0
   0.66894     0.59666    -0.00004     0.00001    -0.00000       8     8     0
   0.75000     0.59666    -0.00007    -0.00002     0.00002       8     8     0
   0.83106     0.59666     0.00015     0.00004    -0.00005       8     8     0
   0.90334     0.59666    -0.00004     0.00002    -0.00001       8     8     0
   0.95901     0.59666    -0.00022    -0.00011     0.00006       8     8     0
   0.99204     0.59666    -0.00013    -0.00011     0.00005       8     8     0
   1.00000     0.59666    -0.00011    -0.00008     0.00004       8     8     0
   0.50000     0.66894    -0.00003    -0.00002     0.00001       8     8     0
   0.50796     0.66894    -0.00002     0.00000    -0.00002       8     8     0
   0.54099     0.66894    -0.00005     0.00002    -0.00003       8     8     0
   0.59666     0.66894    -0.00004    -0.00000     0.00001       8     8     0
   0.66894     0.66894     0.00010     0.00001     0.00001       8     8     0
   0.75000     0.66894    -0.00003    -0.00002     0.00001       8     8     0
   0.83106     0.66894    -0.00013    -0.00003    -0.00000       8     8     0
   0.90334     0.66894     0.00015     0.00007    -0.00005       8     8     0
   0.95901     0.66894     0.00021     0.00010     0.00001       8     8     0
   0.99204     0.66894     0.00004     0.00002     0.00011       8     8     0
   1.00000     0.66894     0.00001    -0.00002     0.00013       8     8     0
   0.50000     0.75000     0.00007    -0.00004     0.00002       8     8     0
   0.50796     0.75000     0.00007    -0.00004     0.00004       8     8     0
   0.54099     0.75000     0.00005    -0.00002     0.00003       8     8     0
   0.59666     0.75000    -0.00007     0.00002    -0.00002       8     8     0
   0.66894     0.75000    -0.00003     0.00001    -0.00002       8     8     0
   0.75000     0.75000     0.00009    -0.00001    -0.00001       8     8     0
   0.83106     0.75000    -0.00005     0.00000     0.00006       8     8     0
   0.90334     0.75000    -0.00003    -0.00001     0.00006       8     8     0
   0.95901     0.75000     0.00005     0.00001    -0.00010       8     8     0
   0.99204     0.75000     0.00007     0.00004    -0.00017       8     8     0
   1.00000     0.75000     0.00009     0.00004    -0.00017       8     8     0
   0.50000     0.83106    -0.00003     0.00009    -0.00001       8     8     0
   0.50796     0.83106    -0.00005     0.00005    -0.00002       8     8     0
   0.54099     0.83106     0.00004    -0.00002     0.00002       8     8     0
   0.59666     0.83106     0.00015    -0.00005     0.00004       8     8     0
   0.66894     0.83106    -0.00013    -0.00000    -0.00003       8     8     0
   0.75000     0.83106    -0.00005     0.00006     0.00000       8     8     0
   0.83106     0.83106     0.00026     0.00001     0.00001       8     8     0
   0.90334     0.83106    -0.00018    -0.00006    -0.00003       8     8     0
   0.95901     0.83106     0.00007     0.00018     0.00032       8     8     0
   0.99204     0.83106     0.00121     0.00090     0.00098       8     8     0
   1.00000     0.83106     0.00161     0.00122     0.00123       8     8     0
   0.50000     0.90334    -0.00006     0.00000    -0.00004       8     8     0
   0.50796     0.90334    -0.00007     0.00003    -0.00007       8     8     0
   0.54099     0.90334    -0.00010     0.00008    -0.00008       8     8     0
   0.59666     0.90334    -0.00004    -0.00001     0.00002       8     8     0
   0.66894     0.90334     0.00015    -0.00005     0.00007       8     8     0
   0.75000     0.90334    -0.00003     0.00006    -0.00001       8     8     0
   0.83106     0.90334    -0.00018    -0.00003    -0.00006       8     8     0
   0.90334     0.90334     0.00092     0.00050     0.00050       8     8     0
   0.95901     0.90334     0.00423     0.00295     0.00289       8     8     0
   0.99204     0.90334     0.00946     0.00671     0.00681       8     8     0
   1.00000     0.90334     0.01147     0.00808     0.00828       8     8     0
   0.50000     0.95901    -0.00003    -0.00019    -0.00002       8     8     0
   0.50796     0.95901     0.00004    -0.00008     0.00004       8     8     0
   0.54099     0.95901    -0.00004     0.00006    -0.00001       8     8     0
   0.59666     0.95901    -0.00022     0.00006    -0.00011       8     8     0
   0.66894     0.95901     0.00021     0.00001     0.00010       8     8     0
   0.75000     0.95901     0.00005    -0.00010     0.00001       8     8     0
   0.83106     0.95901     0.00007     0.00032     0.00018       8     8     0
   0.90334     0.95901     0.00423     0.00289     0.00295       8     8     0
   0.95901     0.95901     0.01671     0.01162     0.01162       8     8     0
   0.99204     0.95901     0.03428     0.02415     0.02411       8     8     0
   1.00000     0.95901     0.04054     0.02850     0.02856       8     8     0
   0.50000     0.99204    -0.00006    -0.00024    -0.00004       8     8     0
   0.50796     0.99204     0.00009    -0.00010     0.00009       8     8     0
   0.54099     0.99204     0.00007    -0.00004     0.00008       8     8     0
   0.59666     0.99204    -0.00013     0.00005    -0.00011       8     8     0
   0.66894     0.99204     0.00004     0.00011     0.00002       8     8     0
   0.75000     0.99204     0.00007    -0.00017     0.00004       8     8     0
   0.83106     0.99204     0.00121     0.00098     0.00090       8     8     0
   0.90334     0.99204     0.00946     0.00681     0.00671       8     8     0
   0.95901     0.99204     0.03428     0.02411     0.02415       8     8     0
   0.99204     0.99204     0.06699     0.04722     0.04722       8     8     0
   1.00000     0.99204     0.07800     0.05497     0.05498       8     8     0
   0.50000     1.00000    -0.00005    -0.00024    -0.00005       8     8     0
   0.50796     1.00000     0.00010    -0.00009     0.00008       8     8     0
   0.54099     1.00000     0.00009    -0.00006     0.00008       8     8     0
   0.59666     1.00000    -0.00011     0.00004    -0.00008       8     8     0
   0.66894     1.00000     0.00001     0.00013    -0.00002       8     8     0
   0.75000     1.00000     0.00009    -0.00017     0.00004       8     8     0
   0.83106     1.00000     0.00161     0.00123     0.00122       8     8     0
   0.90334     1.00000     0.01147     0.00828     0.00808       8     8     0
   0.95901     1.00000     0.04054     0.02856     0.02850       8     8     0
   0.99204     1.00000     0.07800     0.05498     0.05497       8     8     0
   1.00000     1.00000     0.09043     0.06375     0.06375       8     8     0
ZONE T= "IEL     4",  I=11,  J=11,  SOLUTIONTIME=   1.60020,  DATAPACKING = POINT
   0.50000     0.00000     0.00000     0.00001    -0.00000       8     8     0
   0.50796     0.00000     0.00000     0.00001     0.00000       8     8     0
   0.54099     0.00000    -0.00001     0.00000     0.00001       8     8     0
   0.59666     0.00000    -0.00002    -0.00001     0.00002       8     8     0
   0.66894     0.00000     0.00000    -0.00000    -0.00000       8     8     0
   0.75000     0.00000     0.00003     0.00003    -0.00002       8     8     0
   0.83106     0.00000    -0.00002    -0.00002     0.00002       8     8     0
   0.90334     0.00000    -0.00002    -0.00003     0.00002       8     8     0
   0.95901     0.00000     0.00003     0.00002    -0.00002       8     8     0
   0.99204     0.00000     0.00004     0.00004    -0.00004       8     8     0
   1.00000     0.00000     0.00004     0.00003    -0.00004       8     8     0
   0.50000     0.00796     0.00001     0.00001    -0.00000       8     8     0
   0.50796     0.00796     0.00000     0.00001    -0.00000       8     8     0
   0.54099     0.00796    -0.00000     0.00000     0.00000       8     8     0
   0.59666     0.00796    -0.00002    -0.00001     0.00002       8     8     0
   0.66894     0.00796    -0.00000    -0.00001     0.00000       8     8     0
   0.75000     0.00796     0.00003     0.00003    -0.00003       8     8     0
   0.83106     0.00796    -0.00001    -0.00001     0.00002       8     8     0
   0.90334     0.00796    -0.00002    -0.00003     0.00002       8     8     0
   0.95901     0.00796     0.00001     0.00001    -0.00002       8     8     0
   0.99204     0.00796     0.00004     0.00004    -0.00004       8     8     0
   1.00000     0.00796     0.00004     0.00003    -0.00004       8     8     0
   0.50000     0.04099     0.00002     0.00002    -0.00001       8     8     0
   0.50796     0.04099     0.00001     0.00001    -0.00001       8     8     0
   0.54099     0.04099     0.00001     0.00001    -0.00000       8     8     0
   0.59666     0.04099    -0.00000    -0.00001     0.00001       8     8     0
   0.66894     0.04099    -0.00003    -0.00002     0.00002       8     8     0
   0.75000     0.04099     0.00002     0.00002    -0.00002       8     8     0
   0.83106     0.04099     0.00003     0.00001    -0.00001       8     8     0
   0.90334     0.04099    -0.00005    -0.00004     0.00003       8     8     0
   0.95901     0.04099    -0.00004    -0.00001     0.00001       8     8     0
   0.99204     0.04099     0.00002     0.00002    -0.00002       8     8     0
   1.00000     0.04099     0.00003     0.00003    -0.00003       8     8     0
   0.50000     0.09666     0.00001     0.00001    -0.00001       8     8     0
   0.50796     0.09666     0.00001     0.00000    -0.00001       8     8     0
   0.54099     0.09666     0.00001     0.00001    -0.00001       8     8     0
   0.59666     0.09666     0.00002     0.00001    -0.00001       8     8     0
   0.66894     0.09666    -0.00003    -0.00002     0.00002       8     8     0
   0.75000     0.09666    -0.00001    -0.00001     0.00001       8     8     0
   0.83106     0.09666     0.00005     0.00003    -0.00003       8     8     0
   0.90334     0.09666    -0.00002     0.00000     0.00001       8     8     0
   0.95901     0.09666    -0.00007    -0.00004     0.00005       8     8     0
   0.99204     0.09666    -0.00004    -0.00003     0.00003       8     8     0
   1.00000     0.09666    -0.00003    -0.00002     0.00003       8     8     0
   0.50000     0.16894    -0.00002    -0.00001     0.00001       8     8     0
   0.50796     0.16894    -0.00001    -0.00001     0.00001       8     8     0
   0.54099     0.16894    -0.00001    -0.00001     0.00000       8     8     0
   0.59666     0.16894     0.00001     0.00000    -0.00001       8     8     0
   0.66894     0.16894     0.00003     0.00002    -0.00001       8     8     0
   0.75000     0.16894    -0.00003    -0.00002     0.00003       8     8     0
   0.83106     0.16894    -0.00002    -0.00001     0.00001       8     8     0
   0.90334     0.16894     0.00006     0.00004    -0.00004       8     8     0
   0.95901     0.16894     0.00004     0.00001    -0.00001       8     8     0
   0.99204     0.16894    -0.00002    -0.00003     0.00002       8     8     0
   1.00000     0.16894    -0.00004    -0.00004     0.00003       8     8     0
   0.50000     0.25000     0.00000     0.00000     0.00000       8     8     0
   0.50796     0.25000     0.00000     0.00000     0.00000       8     8     0
   0.54099     0.25000    -0.00000    -0.00000     0.00001       8     8     0
   0.59666     0.25000    -0.00002    -0.00001     0.00002       8     8     0
   0.66894     0.25000     0.00001     0.00000    -0.00001       8     8     0
   0.75000     0.25000     0.00003     0.00002    -0.00002       8     8     0
   0.83106     0.25000    -0.00004    -0.00003     0.00003       8     8     0
   0.90334     0.25000    -0.00001    -0.00003     0.00001       8     8     0
   0.95901     0.25000     0.00005     0.00004    -0.00004       8     8     0
   0.99204     0.25000     0.00006     0.00005    -0.00005       8     8     0
   1.00000     0.25000     0.00006     0.00005    -0.00004       8     8     0
   0.50000     0.33106     0.00002     0.00001    -0.00001       8     8     0
   0.50796     0.33106     0.00001     0.00000    -0.00001       8     8     0
   0.54099     0.33106     0.00001     0.00001    -0.00001       8     8     0
   0.59666     0.33106     0.00001     0.00001    -0.00000       8     8     0
   0.66894     0.33106    -0.00004    -0.00003     0.00002       8     8     0
   0.75000     0.33106     0.00002     0.00001    -0.00001       8     8     0
   0.83106     0.33106     0.00006     0.00003    -0.00003       8     8     0
   0.90334     0.33106    -0.00007    -0.00003     0.00004       8     8     0
   0.95901     0.33106    -0.00009    -0.00004     0.00006       8     8     0
   0.99204     0.33106    -0.00002    -0.00001     0.00001       8     8     0
   1.00000     0.33106     0.00000     0.00000     0.00000       8     8     0
   0.50000     0.40334    -0.00003    -0.00001     0.00001       8     8     0
   0.50796     0.40334    -0.00002    -0.00000     0.00001       8     8     0
   0.54099     0.40334    -0.00001    -0.00000     0.00000       8     8     0
   0.59666     0.40334     0.00002     0.00001    -0.00002       8     8     0
   0.66894     0.40334     0.00002     0.00002    -0.00001       8     8     0
   0.75000     0.40334    -0.00006    -0.00004     0.00004       8     8     0
   0.83106     0.40334     0.00002     0.00001    -0.00002       8     8     0
   0.90334     0.40334     0.00007     0.00006    -0.00005       8     8     0
   0.95901     0.40334    -0.00001    -0.00002     0.00002       8     8     0
   0.99204     0.40334    -0.00007    -0.00007     0.00006       8     8     0
   1.00000     0.40334    -0.00008    -0.00007     0.00007       8     8     0
   0.50000     0.45901    -0.00001    -0.00002     0.00001       8     8     0
   0.50796     0.45901    -0.00000    -0.00000     0.00000       8     8     0
   0.54099     0.45901    -0.00000    -0.00000     0.00000       8     8     0
   0.59666     0.45901    -0.00003    -0.00001     0.00002       8     8     0
   0.66894     0.45901     0.00004     0.00002    -0.00002       8     8     0
   0.75000     0.45901     0.00001     0.00000    -0.00000       8     8     0
   0.83106     0.45901    -0.00009    -0.00004     0.00005       8     8     0
   0.90334     0.45901     0.00007     0.00003    -0.00004       8     8     0
   0.95901     0.45901     0.00013     0.00007    -0.00009       8     8     0
   0.99204     0.45901     0.00004     0.00003    -0.00003       8     8     0
   1.00000     0.45901     0.00001     0.00001    -0.00001       8     8     0
   0.50000     0.49204     0.00002    -0.00000    -0.00000       8     8     0
   0.50796     0.49204     0.00002    -0.00001    -0.00000       8     8     0
   0.54099     0.49204     0.00002     0.00000    -0.00000       8     8     0
   0.59666     0.49204    -0.00004    -0.00001     0.00002       8     8     0
   0.66894     0.49204     0.00001    -0.00000    -0.00001       8     8     0
   0.75000     0.49204     0.00006     0.00003    -0.00003       8     8     0
   0.83106     0.49204    -0.00008    -0.00003     0.00006       8     8     0
   0.90334     0.49204    -0.00002    -0.00004     0.00001       8     8     0
   0.95901     0.49204     0.00011     0.00006    -0.00008       8     8     0
   0.99204     0.49204     0.00009     0.00008    -0.00008       8     8     0
   1.00000     0.49204     0.00009     0.00007    -0.00007       8     8     0
   0.50000     0.50000     0.00003    -0.00000    -0.00000       8     8     0
   0.50796     0.50000     0.00002    -0.00001     0.00000       8     8     0
   0.54099     0.50000     0.00002     0.00000    -0.00000       8     8     0
   0.59666     0.50000    -0.00003    -0.00000     0.00001       8     8     0
   0.66894     0.50000    -0.00000    -0.00001    -0.00000       8     8     0
   0.75000     0.50000     0.00006     0.00003    -0.00003       8     8     0
   0.83106     0.50000    -0.00007    -0.00002     0.00005       8     8     0
   0.90334     0.50000    -0.00003    -0.00005     0.00002       8     8     0
   0.95901     0.50000     0.00009     0.00005    -0.00007       8     8     0
   0.99204     0.50000     0.00009     0.00008    -0.00008       8     8     0
   1.00000     0.50000     0.00009     0.00007    -0.00007       8     8     0
